proteinGroups.nonucl.LFQ.intensity.24hrsNI.Rep1	proteinGroups.nonucl.LFQ.intensity.24hrsNI.Rep2	proteinGroups.nonucl.LFQ.intensity.24hrsNI.Rep3	proteinGroups.nonucl.LFQ.intensity.24hrsI.Rep1	proteinGroups.nonucl.LFQ.intensity.24hrsI.Rep2	proteinGroups.nonucl.LFQ.intensity.24hrsI.Rep3
Solyc00g042140.1.1	0	0	0	8376000	8202100	2985900
Solyc00g174340.1.1	0	0	0	7665700	13216000	25793000
Solyc01g005560.2.1	0	0	0	4083300	10788000	3110000
Solyc01g006980.2.1	0	0	0	1302400	6246500	971300
Solyc01g007520.2.1	0	0	0	129960000	125870000	38304000
Solyc01g007740.2.1	0	0	0	3283300	6707400	3392600
Solyc01g009080.2.1	0	0	0	3190000	13808000	2717500
Solyc01g009990.2.1	0	0	0	21778000	61567000	12864000
Solyc01g066520.2.1	0	0	0	912140	19829000	357120
Solyc01g067290.2.1	0	0	0	124360000	798080000	68415000
Solyc01g079090.2.1	0	0	0	3854100	44115000	2767600
Solyc01g079940.2.1	0	0	0	10523000	13104000	4430800
Solyc01g080010.2.1	0	0	0	5680300	7916500	2759800
Solyc01g087750.2.1	0	0	0	1218300	8705300	946450
Solyc01g091580.2.1	0	0	0	2030300	4829700	1321400
Solyc01g094200.2.1	0	0	0	2179000	13140000	2358000
Solyc01g095430.2.1	0	0	0	5313800	24278000	5495600
Solyc01g097340.2.1	0	0	0	4043400	20512000	3540800
Solyc01g099890.2.1	0	0	0	1380700	1908200	983700
Solyc01g105050.2.1	0	0	0	11413000	16240000	9760000
Solyc01g105070.2.1	0	0	0	31348000	46481000	9870200
Solyc01g105560.2.1	0	0	0	1998600	5263300	700540
Solyc01g107820.2.1	0	0	0	2780500	5890800	1334900
Solyc01g108630.2.1	0	0	0	13985000	36052000	5563100
Solyc01g109770.2.1	0	0	0	898830	3216200	582680
Solyc02g005210.2.1	0	0	0	698050	1724000	658950
Solyc02g063490.2.1	0	0	0	1134900	3104600	2618900
Solyc02g065090.2.1	0	0	0	2680200	11652000	1430700
Solyc02g067180.2.1	0	0	0	2178500	7681800	1773000
Solyc02g071890.2.1	0	0	0	1171200	2216500	1051100
Solyc02g077080.2.1	0	0	0	3084700	1713800	2677400
Solyc02g077290.1.1	0	0	0	4353700	1740000	1305600
Solyc02g079170.2.1	0	0	0	1220100	5155400	1161500
Solyc02g081430.2.1	0	0	0	550420	1841600	647100
Solyc02g082450.2.1	0	0	0	1121700	5906200	723650
Solyc02g083410.2.1	0	0	0	489230	1772800	345420
Solyc02g086880.2.1	0	0	0	21460000	24602000	6800500
Solyc02g087070.2.1	0	0	0	4246600	15098000	2647100
Solyc02g090890.2.1	0	0	0	1828900	7249500	1386500
Solyc02g091100.2.1	0	0	0	2208600	3810300	2975900
Solyc03g005730.2.1	0	0	0	1674100	7154000	1441500
Solyc03g006870.2.1	0	0	0	6626200	15155000	4993400
Solyc03g020010.1.1	0	0	0	5201400	9359600	1129800
Solyc03g045090.2.1	0	0	0	5184600	6323700	6158800
Solyc03g093690.2.1	0	0	0	12469000	35741000	3185200
Solyc03g095360.2.1	0	0	0	1712000	2805400	2248000
Solyc03g098740.1.1	0	0	0	2357100	3899300	3029100
Solyc03g111610.2.1	0	0	0	7274400	16196000	5901200
Solyc03g114340.2.1	0	0	0	563040	3010000	560460
Solyc03g114930.2.1	0	0	0	3819300	26059000	4636600
Solyc03g120670.2.1	0	0	0	629390	2684200	420900
Solyc03g121720.2.1	0	0	0	8115300	18596000	5728000
Solyc04g005160.1.1	0	0	0	2484500	9334700	2922800
Solyc04g040130.1.1	0	0	0	2563800	2777700	3099900
Solyc04g049350.2.1	0	0	0	1785900	8092700	1886400
Solyc04g071880.2.1	0	0	0	3453900	2544700	2451700
Solyc04g076090.2.1	0	0	0	1670800	4708000	1145000
Solyc04g079240.2.1	0	0	0	3319900	2688500	2180400
Solyc04g080850.2.1	0	0	0	1026200	3978700	864460
Solyc04g081970.2.1	0	0	0	1029300	10027000	1113000
Solyc04g082010.1.1	0	0	0	19940000	34506000	7746000
Solyc05g008450.2.1	0	0	0	4217400	10668000	1093600
Solyc05g026490.2.1	0	0	0	289990	1482900	238020
Solyc05g052150.2.1	0	0	0	569030	6275600	2241800
Solyc05g052760.2.1	0	0	0	4237700	5125200	5767000
Solyc06g009940.1.1	0	0	0	161620000	407920000	55541000
Solyc06g010060.1.1	0	0	0	681240	3025200	1080500
Solyc06g053140.2.1	0	0	0	1145700	13488000	720200
Solyc06g065490.2.1	0	0	0	4569800	17579000	4255600
Solyc06g066620.2.1	0	0	0	728860	13983000	446920
Solyc06g068480.2.1	0	0	0	3397700	15457000	3293100
Solyc06g068670.2.1	0	0	0	1341900	2844000	1278400
Solyc06g074890.1.1	0	0	0	1852800	6593300	1612600
Solyc06g081980.1.1	0	0	0	4976300	18533000	1551200
Solyc06g083690.2.1	0	0	0	639680	2623600	654300
Solyc07g006890.1.1	0	0	0	20083000	13783000	3093000
Solyc07g043310.2.1	0	0	0	6205000	17876000	2938000
Solyc07g052140.2.1	0	0	0	1475000	1394300	889080
Solyc07g052350.2.1	0	0	0	13061000	29670000	7266200
Solyc07g053280.2.1	0	0	0	2677500	7512700	860700
Solyc07g054290.1.1	0	0	0	9945300	37309000	2822700
Solyc07g055690.1.1	0	0	0	5257200	7264600	4779500
Solyc07g056000.2.1	0	0	0	8289200	2484400	11733000
Solyc07g063190.2.1	0	0	0	2970400	13970000	3159400
Solyc07g064950.2.1	0	0	0	3428200	15442000	1823300
Solyc08g005590.2.1	0	0	0	690460	3052400	299090
Solyc08g007040.2.1	0	0	0	5748600	25149000	4086100
Solyc08g014130.2.1	0	0	0	678570	1306300	742800
Solyc08g045710.1.1	0	0	0	9062600	7695300	3805300
Solyc08g048250.2.1	0	0	0	19159000	37819000	12722000
Solyc08g074680.2.1	0	0	0	37991000	93254000	42927000
Solyc08g076450.2.1	0	0	0	391910	6762300	589160
Solyc08g079240.2.1	0	0	0	643390	5770000	534120
Solyc08g080640.1.1	0	0	0	46058000	52507000	60587000
Solyc08g080660.1.1	0	0	0	30326000	44773000	35950000
Solyc08g081250.2.1	0	0	0	6304900	14291000	3286300
Solyc08g082430.2.1	0	0	0	2180700	7626500	851220
Solyc09g007910.2.1	0	0	0	5278600	11122000	2410900
Solyc09g011920.2.1	0	0	0	1753200	4586300	2575300
Solyc09g059040.2.1	0	0	0	8284400	9349000	5431600
Solyc09g065270.2.1	0	0	0	5771800	12754000	5522600
Solyc09g075820.2.1	0	0	0	5046800	7047000	4154700
Solyc09g090330.2.1	0	0	0	8601000	36298000	6329000
Solyc09g090980.2.1	0	0	0	3835200	4777900	2259500
Solyc09g091180.2.1	0	0	0	4674000	16962000	3302200
Solyc09g091660.2.1	0	0	0	5244900	10345000	4686200
Solyc10g006900.2.1	0	0	0	2857800	56427000	3399600
Solyc10g006970.2.1	0	0	0	2540000	9492300	2858700
Solyc10g044520.1.1	0	0	0	17639000	27746000	7083100
Solyc10g049710.1.1	0	0	0	1283200	9337700	908440
Solyc10g075020.1.1	0	0	0	2459900	5720300	1021900
Solyc10g078550.1.1	0	0	0	11915000	46025000	7874000
Solyc10g080080.1.1	0	0	0	433270	6926900	690600
Solyc10g080320.1.1	0	0	0	901080	3485700	975680
Solyc10g083690.2.1	0	0	0	6162400	9398300	4515700
Solyc11g008980.1.1	0	0	0	489920	1836700	566220
Solyc11g010480.1.1	0	0	0	7060900	22007000	6756600
Solyc11g011020.1.1	0	0	0	1651900	1420500	1083400
Solyc11g069380.1.1	0	0	0	851140	6702800	883300
Solyc11g070030.1.1	0	0	0	324270	1347400	238500
Solyc12g009060.1.1	0	0	0	1422600	2145500	1309000
Solyc12g009980.1.1	0	0	0	1390400	13940000	574240
Solyc12g013810.1.1	0	0	0	9400100	28334000	4982700
Solyc12g042770.1.1	0	0	0	1565500	14885000	2275300
Solyc12g044950.1.1	0	0	0	9556800	9770000	4484000
