proteinGroups.nucl.LFQ.intensity.8hrsI.Rep1	proteinGroups.nucl.LFQ.intensity.8hrsI.Rep2	proteinGroups.nucl.LFQ.intensity.8hrsI.Rep3	proteinGroups.nucl.LFQ.intensity.24hrsI.Rep1	proteinGroups.nucl.LFQ.intensity.24hrsI.Rep2	proteinGroups.nucl.LFQ.intensity.24hrsI.Rep3
Solyc01g079390.2.1	787750	729250	612210	0	0	0
Solyc01g091370.2.1	4913800	6369600	6215200	0	0	0
Solyc01g096370.2.1	1038800	1519300	1734300	0	0	0
Solyc02g084600.2.1	2725900	1757600	2389400	0	0	0
Solyc04g007010.2.1	3558400	3264000	3830500	0	0	0
Solyc06g060520.1.1	3888400	4452700	6764700	0	0	0
Solyc08g074740.2.1	1773300	1887100	2312900	0	0	0
Solyc12g006620.1.1	2804700	2755900	1355100	0	0	0
Solyc12g094470.1.1	2605000	2800200	4097600	0	0	0
