RepIn_1	RepIn_2	RepIn_3
Solyc00g009020.2.1	0.13307210031348	0.0426999715654323	0.486511133064823
Solyc00g042130.1.1	0.0986578525641026	0.0522353840275124	0.247479175800088
Solyc00g174340.1.1	0	0.0258958837772397	0
Solyc00g230080.1.1	0.18115279629277	0.109515925859277	0.232445990775953
Solyc01g005620.2.1	0.305204061492577	0.268730400501747	0.42816521632553
Solyc01g007320.2.1	0.170416707392565	0.0741789804211304	0.238846176079542
Solyc01g007330.2.1	0.23564840362633	0.146868667975934	0.190291664201621
Solyc01g007380.1.1	0.198436585569768	0.0802871214502777	0.2872198421646
Solyc01g007500.2.1	0.0790181996245817	0.0781693977620385	0.251078715613813
Solyc01g007520.2.1	0.0767466912896276	0.0688575514419639	0
Solyc01g007530.2.1	0.0415439364905557	0.0708195121951219	0.0871825926731054
Solyc01g007740.2.1	0	0.34287503354504	0
Solyc01g008330.2.1	0.248779999499487	0.254155789473684	0
Solyc01g009990.2.1	0.216305445862797	0.08765572465769	0
Solyc01g028810.2.1	0.360240197809961	0.218972107274852	0.370258258919358
Solyc01g066520.2.1	0.278082311925801	0	0
Solyc01g067290.2.1	0	0.0673516439454691	0
Solyc01g079090.2.1	0	0.0171592428879066	0
Solyc01g079790.2.1	0.104069941715237	0.0150648784643119	0
Solyc01g079940.2.1	0.274180366815547	0	0
Solyc01g080280.2.1	0.195242566510172	0.125854798032001	0.0473390205371248
Solyc01g089970.2.1	0.240819170446472	0.22208990189858	0.335591283767241
Solyc01g095670.2.1	0.325768287230057	0.0945298254753842	0.465013371068127
Solyc01g097340.2.1	0	0.148371684867395	0
Solyc01g097460.2.1	0.0594617150010432	0.0236735627330941	0
Solyc01g098640.2.1	0.0309264155962011	0.0163418903150525	0.108468428995667
Solyc01g100360.2.1	0.0407463599969401	0.180426930516802	0.242752935082873
Solyc01g102570.2.1	0.061530858096003	0.0561197267743543	0.284602821987564
Solyc01g103750.2.1	0	0.054216538230311	0
Solyc01g105030.2.1	0.0676757702924082	0.0809962584464176	0.188859453922504
Solyc01g105070.2.1	0	0.0311589681805469	0
Solyc01g105540.2.1	0.266402801035165	0.0644671241715057	0
Solyc01g105560.2.1	0.314149904933453	0.1584367222085	0
Solyc01g106260.2.1	0.30470949040037	0.189393337945583	0.489256198347107
Solyc01g106480.2.1	0.229711001045122	0.114846832012624	0.27024081614119
Solyc01g106620.2.1	0.068075724169391	0.0175154579878253	0
Solyc01g107130.2.1	0	0.098474855729596	0
Solyc01g108630.2.1	0.263846978905971	0.0734716520581382	0
Solyc01g109850.2.1	0	0.121731369231486	0
Solyc01g109940.2.1	0.420442935508716	0.292595744680851	0
Solyc01g110000.2.1	0.224994455533378	0.281776121321167	0.297348058525605
Solyc01g110360.2.1	0.137627032520325	0.0788378207312917	0.039732330271532
Solyc01g111170.2.1	0.365512921940928	0.355042278040288	0.258957402954311
Solyc01g111510.2.1	0.165323465882936	0.0488377594146218	0.450771821498737
Solyc01g111630.2.1	0.0458517256960133	0.0294625696272265	0.0328220390106575
Solyc01g112060.2.1	0.085012156777881	0.0153015103570547	0.321146245059289
Solyc02g014150.2.1	0.101010840902432	0.02686630113876	0.212826285366596
Solyc02g020940.2.1	0.245799509757107	0.117438772499262	0.266326848595468
Solyc02g062340.2.1	0.161348657772062	0.0880069348452546	0.0176737251669677
Solyc02g063150.2.1	0.251232725770167	0.159047744225019	0.0824068276930174
Solyc02g065400.2.1	0.0314429790535299	0.031135347457273	0.0461062897760145
Solyc02g071620.2.1	0.391133951445651	0.286685172776874	0.259228488164017
Solyc02g072130.2.1	0.258663094062897	0.127544989928249	0.458810283355226
Solyc02g079950.2.1	0.140902103062354	0.0781939157677746	0.0447162083089526
Solyc02g080540.1.1	0.129567587431861	0.0460003948277564	0.31644939293907
Solyc02g080810.2.1	0.138475767665557	0.15625536209942	0.0884391901401371
Solyc02g082220.2.1	0.0632368007649751	0.149252485193206	0.125427773775216
Solyc02g083810.2.1	0.423497440768297	0.146534681034723	0.435124176381145
Solyc02g084440.2.1	0.221573793024454	0.111216762032986	0.0854942064606742
Solyc02g086160.2.1	0	0.115972970326119	0
Solyc02g086730.1.1	0.313420061622732	0.16825116853338	0.475511271866967
Solyc02g086820.2.1	0.181739314992174	0.12356170564789	0.217509710254922
Solyc02g086880.2.1	0	0.0898422892447768	0
Solyc02g086910.2.1	0.0472631050334145	0.0189025529603476	0
Solyc02g088700.2.1	0.0808984725965858	0.0196331360946746	0.481070073127835
Solyc02g089070.2.1	0.215245404043296	0.257717024289293	0.298936256597645
Solyc02g090030.2.1	0.0141533780357243	0.0453916126717461	0.0173470820535323
Solyc02g091560.2.1	0.173579418344519	0.102739906257709	0.284872177809013
Solyc02g092440.2.1	0.485637672641787	0	0
Solyc02g094470.2.1	0.334174477289113	0.181978269463445	0.409448327508737
Solyc03g005260.2.1	0	0.20275405371952	0
Solyc03g006140.2.1	0.0254490337248958	0.0241028172925602	0.018578295171071
Solyc03g006870.2.1	0	0.106162982514022	0
Solyc03g019780.2.1	0.255142903277894	0.315224707978618	0.362909197194076
Solyc03g025410.2.1	0.0615357912255087	0.0263639122386429	0.0761119886454685
Solyc03g034220.2.1	0.271291214635184	0.115398426948439	0.147385494709199
Solyc03g045090.2.1	0	0	0.272423199324544
Solyc03g058920.2.1	0	0.10468835804503	0
Solyc03g059180.2.1	0.0444527843699983	0.0076387141419225	0.0383442949244948
Solyc03g093690.2.1	0.135167214692437	0.103055314624661	0
Solyc03g096540.2.1	0.0536981218245133	0.0103884575324306	0.0311684975679073
Solyc03g096550.2.1	0.157084045854709	0.0745885119247565	0.140012378152561
Solyc03g096850.2.1	0.202104197741317	0.373070779674553	0.325223580090837
Solyc03g098730.1.1	0.0388986941440522	0	0.064252068208678
Solyc03g112070.2.1	0.325813692480359	0.0667068186706819	0.304770293609672
Solyc03g112870.2.1	0	0.17949577952932	0
Solyc03g114150.2.1	0.257658621904899	0.0814090897101105	0
Solyc03g114930.2.1	0	0.0604359338424345	0
Solyc03g115110.2.1	0.156574433681411	0.0375089667631977	0.194786322626298
Solyc03g115980.1.1	0.30360950797222	0.11576582494679	0.218715032483257
Solyc03g117430.2.1	0.326623184109102	0.178129763195525	0
Solyc03g118130.2.1	0	0.107632884340137	0.311637107776262
Solyc12g044280.1.1	0	0.0114686962276638	0.0621945025395877
Solyc03g121540.2.1	0.139199127202198	0.474552485832735	0.219443200781473
Solyc04g005160.1.1	0	0.200231394688635	0
Solyc04g007550.2.1	0.174168861092824	0.0920961112867531	0.336218745737459
Solyc04g009030.2.1	0.188486071861122	0.115686067670561	0.278526148969889
Solyc04g009200.2.1	0.33603044826614	0.169931782403358	0.0486085002980148
Solyc04g054690.2.1	0.0629667414813303	0.429751838235294	0.0319310796788815
Solyc04g074480.2.1	0.0782340541806542	0.0956533278287281	0.0135285659509202
Solyc04g074640.2.1	0.051125251758662	0.0305564773452457	0.053616599390978
Solyc04g080080.2.1	0.216557597489915	0.272157064913863	0.46409058320354
Solyc04g081970.2.1	0	0.0733549416575247	0
Solyc04g082010.1.1	0	0.0934504144206805	0
Solyc04g082630.2.1	0.175904491188175	0.123714359548626	0.200072660728222
Solyc05g005480.2.1	0	0.0884291303039422	0
Solyc05g008450.2.1	0	0.111464191976003	0
Solyc05g010670.2.1	0.1855999208107	0.15998175286537	0.0801946262866715
Solyc05g012480.2.1	0.0859266305963494	0.0122879512831666	0.299900350765306
Solyc05g013380.2.1	0.305770523283725	0.335187287173666	0.0816185375961244
Solyc05g014310.2.1	0.0599514449787572	0.158882561876304	0.0905192429465982
Solyc05g014470.2.1	0.36686068343973	0.177145042414129	0.353527902008699
Solyc05g046330.2.1	0.382922120369104	0.288534811222723	0.361116378288694
Solyc05g050120.2.1	0.048688514659559	0.0254273123831568	0.016059477773654
Solyc05g052280.2.1	0.0776407749411552	0.0574133718347401	0.0299278116038256
Solyc05g052600.2.1	0.233701139916544	0.110508125151589	0.189189189189189
Solyc05g053100.2.1	0.0252865712159026	0.132543332154227	0.205609082540657
Solyc05g053300.2.1	0.281013419713096	0.203326313181368	0.17059179474767
Solyc05g053600.2.1	0.0859941944847605	0.0603308382939431	0.0590985179439023
Solyc06g008160.2.1	0.222892498066512	0.0914502694757472	0.468109171379395
Solyc06g009940.1.1	0.0112151961390917	0	0.0249653409193209
Solyc06g054260.1.1	0.0870654984199943	0.0906629501035095	0.113312101910828
Solyc06g060250.2.1	0.284240956324713	0.108919961427194	0
Solyc06g063370.2.1	0.118038962436767	0.158468343107047	0.353466925444723
Solyc06g065490.2.1	0	0.191836850787872	0
Solyc06g066000.1.1	0.0445738664119237	0.0333870247749423	0.186493355602353
Solyc06g069730.2.1	0	0.167178041296957	0
Solyc06g071920.2.1	0.285984294795526	0.188969243418293	0.329676934635612
Solyc06g074430.2.1	0	0.37709549319048	0
Solyc06g074820.2.1	0.427334771917499	0.104568298605229	0
Solyc06g082950.2.1	0.0434594624673084	0.047422074103117	0.103152373192096
Solyc06g083300.2.1	0	0.0987391722810395	0
Solyc07g005330.2.1	0.0352963335007534	0.0976526497695853	0
Solyc07g006280.2.1	0.201545595054096	0	0
Solyc07g006890.1.1	0.118762137130907	0.191932090256113	0
Solyc07g007760.2.1	0.090241891148983	0.252851765040131	0.468585786267173
Solyc07g042440.2.1	0.120981638837721	0.029909147479776	0.091116778814847
Solyc07g051850.2.1	0.102702043305886	0.0585449114572221	0.0584788012705427
Solyc07g052350.2.1	0.310267207717633	0.13906976744186	0
Solyc07g052480.2.1	0.0363695056736664	0.0384485658226665	0.0309264957264957
Solyc07g053260.2.1	0.324206252537556	0.248404407147343	0.29960270297803
Solyc07g054290.1.1	0.0392577398369079	0.0561955560320566	0
Solyc07g054820.2.1	0.0339374606175173	0.0176582413366864	0.0291499003081385
Solyc07g056140.2.1	0.091783757056327	0.0582056009130015	0
Solyc07g056540.2.1	0.197287248405791	0.0892739637900928	0.225473742132957
Solyc07g062480.1.1	0.173601813293975	0.149890969245808	0.0694012194012194
Solyc07g062490.1.1	0.22537420746454	0.294306335204491	0.0636781080334959
Solyc07g064950.2.1	0.216466367189779	0.111650045330916	0
Solyc07g065900.2.1	0.255347187024835	0.0779242558345367	0.097514550312969
Solyc07g066470.2.1	0.208130660198927	0.0649128435461448	0.463639012309709
Solyc07g066610.2.1	0.177728069271209	0.135147526436442	0.130235037557548
Solyc08g007040.2.1	0	0.131635452701897	0
Solyc08g013670.2.1	0.0553899493882756	0.0804985894097222	0.0800575377016447
Solyc08g014390.1.1	0.297748218095973	0.397232010075162	0.400666930424462
Solyc08g065220.2.1	0.0589329009342908	0.0632162431489786	0.0356579035836751
Solyc08g076220.2.1	0.339919095338788	0.145512397878744	0.188087663485331
Solyc08g076480.2.1	0	0.146320295053123	0
Solyc08g079180.2.1	0.118128749797308	0.0542972256891984	0.278717317302817
Solyc08g080660.1.1	0	0.012167601009537	0
Solyc08g081190.2.1	0.333425061916794	0.13253597354859	0.343516681695221
Solyc08g082430.2.1	0	0.13951353832033	0
Solyc09g007910.2.1	0	0.137475274231253	0.44514496660998
Solyc09g009390.2.1	0.174556724808995	0.0889145677464844	0
Solyc09g009890.2.1	0.181409921671018	0.17926588541016	0.214914277044455
Solyc09g015040.1.1	0.166823246668123	0.35380999269447	0.0865186178476231
Solyc09g064450.2.1	0.291362143840695	0.0798644572413523	0.399790624636501
Solyc09g065180.2.1	0.0978757185874624	0.0385627118644068	0
Solyc09g065730.2.1	0.0630457102672293	0.0433305559763672	0.273136383305141
Solyc09g082320.2.1	0.311546272120685	0.21691393956603	0.366240814562221
Solyc09g090140.2.1	0.309196824003511	0.295804461491144	0.275153742312884
Solyc09g091180.2.1	0	0.413966513382856	0
Solyc09g091660.2.1	0.469637171347404	0	0
Solyc09g092380.2.1	0.30828031106398	0.227807486631016	0.253777271247151
Solyc09g098280.2.1	0	0.176785714285714	0.295704371066471
Solyc10g005110.2.1	0.196056219844766	0.0284471945814867	0
Solyc10g006230.2.1	0	0.0781773270930837	0.317960624662065
Solyc10g007390.2.1	0	0	0.242234855615376
Solyc10g007600.2.1	0.205719133099825	0.102843291794307	0.069000976244712
Solyc10g008140.2.1	0.172041238693853	0.144397296473219	0.480224808077253
Solyc10g008740.2.1	0.428955471155499	0.203059770826881	0
Solyc10g018300.1.1	0.227056296837872	0.124213966663035	0.0783384301732926
Solyc10g044520.1.1	0	0.115097671736467	0
Solyc10g049710.1.1	0	0.0763025156087688	0
Solyc10g054780.1.1	0.271031275645117	0	0
Solyc10g055200.1.1	0.208982761716646	0.477999230821437	0.0662058968186172
Solyc10g055630.1.1	0.183119954946499	0.131575068843812	0.381433832803592
Solyc10g055800.1.1	0.044414593985614	0.0260327843013634	0.0445344564925172
Solyc10g075020.1.1	0	0.134398545530829	0
Solyc10g076240.1.1	0.0245322924547768	0.00407042637242882	0.00194964773875129
Solyc10g079880.1.1	0.260792044041911	0.138566910088841	0.273728813559322
Solyc10g080080.1.1	0	0.0923371205012343	0
Solyc10g081980.1.1	0	0.0445583926329008	0
Solyc10g082030.1.1	0.0735764416467694	0.0587154748705049	0.0341448559670782
Solyc10g086580.1.1	0.194324929772784	0.144388785874408	0.104561548785015
Solyc11g006730.1.1	0.258039718129404	0	0.270119061627496
Solyc11g007690.1.1	0	0.107856161245992	0
Solyc11g007990.1.1	0	0.0529784158317133	0
Solyc11g009020.1.1	0	0.143251031501736	0
Solyc11g010190.1.1	0.212729456167439	0.100367688652563	0.1185819925082
Solyc11g011470.1.1	0.193388371684525	0.167142588765734	0.454822140866619
Solyc11g011960.1.1	0.245041110227742	0.137180183676109	0
Solyc11g017250.1.1	0.0202092352920911	0.0731637001754826	0.243396825396825
Solyc11g039840.1.1	0	0.100149551345962	0.271990808931833
Solyc11g039980.1.1	0.321416732795596	0.126856441271429	0.371048252911814
Solyc11g042640.1.1	0.345453631060149	0.0621390006871503	0.161251842299189
Solyc11g044910.1.1	0.361050097788476	0.180114478811075	0.132274927395934
Solyc11g069790.1.1	0.316886726893676	0.140338338280642	0.421507517674002
Solyc12g005860.1.1	0.115287958115183	0.0904272826410231	0.295427169306268
Solyc12g008630.1.1	0.107955235973263	0.0822795432157321	0.178846153846154
Solyc12g009250.1.1	0.173273997670937	0.0583881678237247	0.373551191242756
Solyc12g009980.1.1	0	0.0421987087517934	0
Solyc12g010040.1.1	0.214896668968815	0.129001978201001	0
Solyc12g010060.1.1	0.200172114485808	0.132486217560844	0.14977724791366
Solyc12g010840.1.1	0.289410555174777	0.0448444823178526	0
Solyc12g011000.1.1	0	0.0664958662098016	0
Solyc12g011280.1.1	0.353412676176438	0.172101725012684	0.131704364929268
Solyc12g013810.1.1	0	0.123791204912826	0
Solyc12g042060.1.1	0.279792444997924	0.178482142857143	0.425782639630025
Solyc12g042770.1.1	0	0.0889486059791737	0
Solyc12g056220.1.1	0.307972329326378	0.22956749971471	0.382440846824408
Solyc12g094460.1.1	0.134135625596944	0.203152435510661	0.132802483570536
Solyc12g094640.1.1	0.267521430141402	0.123298531492414	0.169423472889499
Solyc12g099930.1.1	0.0472528241527542	0.0448810489054126	0.027932361516035
