proteinGroups.nonucl$LFQ.intensity.8hrsNI.Rep1	proteinGroups.nonucl$LFQ.intensity.8hrsNI.Rep2	proteinGroups.nonucl$LFQ.intensity.8hrsNI.Rep3	proteinGroups.nonucl$LFQ.intensity.8hrsI.Rep1	proteinGroups.nonucl$LFQ.intensity.8hrsI.Rep2	proteinGroups.nonucl$LFQ.intensity.8hrsI.Rep3	proteinGroups.nonucl$LFQ.intensity.24hrsNI.Rep1	proteinGroups.nonucl$LFQ.intensity.24hrsNI.Rep2	proteinGroups.nonucl$LFQ.intensity.24hrsNI.Rep3	proteinGroups.nonucl$LFQ.intensity.24hrsI.Rep1	proteinGroups.nonucl$LFQ.intensity.24hrsI.Rep2	proteinGroups.nonucl$LFQ.intensity.24hrsI.Rep3
Solyc00g009020.2.1	0	1236700	1258500	1698000	1952200	1280400	1988500	1578300	1350900	12760000	45719000	2631800
Solyc00g042130.1.1	10782000	39168000	17184000	24625000	28707000	33870000	17277000	18656000	33323000	249600000	549570000	136860000
Solyc00g042140.1.1	0	0	0	7606800	5856200	0	0	0	0	8376000	8202100	2985900
Solyc00g071180.2.1	208700000	435730000	64471000	1.84e+08	348350000	374260000	802470000	473830000	276470000	584060000	210780000	207910000
Solyc00g094530.1.1	0	0	0	0	0	0	0	0	0	0	7960500	0
Solyc00g156980.2.1	7294400	2038400	0	0	0	0	3579300	0	0	0	0	0
Solyc00g174340.1.1	0	0	0	0	342240	0	0	0	0	7665700	13216000	25793000
Solyc00g187050.2.1	0	0	0	0	0	0	0	0	0	0	4510000	0
Solyc00g206460.1.1	0	1171000	0	0	0	0	0	0	0	0	0	0
Solyc00g230080.1.1	5446300	9093800	8113400	28537000	30429000	28728000	10743000	9824900	13474000	157530000	277850000	123590000
Solyc01g005250.2.1	0	0	0	0	0	0	989270	0	0	1597000	7720600	0
Solyc01g005560.2.1	0	0	0	0	0	0	0	0	0	4083300	10788000	3110000
Solyc01g005620.2.1	14052000	14881000	29279000	13917000	29993000	17467000	12651000	19595000	18416000	45599000	111610000	40795000
Solyc01g006020.2.1	3043500	2945300	2855600	0	0	4515600	1829800	2409700	3951100	2119600	0	3438100
Solyc01g006280.2.1	0	0	131840	0	0	0	0	0	0	0	0	0
Solyc01g006290.2.1	2250300	1182300	1658700	1335700	0	1142700	3052600	4224800	3552800	1163800	0	0
Solyc01g006350.2.1	0	0	0	0	0	0	0	0	0	2233500	0	2092900
Solyc01g006430.2.1	273690	0	0	0	0	0	0	0	0	0	0	0
Solyc01g006450.2.1	0	0	0	835250	0	0	0	1204300	936840	1447900	5227200	1029900
Solyc01g006510.2.1	0	0	0	0	0	0	0	0	0	0	2770900	0
Solyc01g006900.2.1	0	0	0	0	0	0	0	0	0	2568900	8237700	0
Solyc01g006980.2.1	0	0	0	0	0	0	0	0	0	1302400	6246500	971300
Solyc01g007320.2.1	172840000	438600000	107310000	523060000	803210000	413180000	317760000	386700000	374470000	3069300000	1.0828e+10	1729900000
Solyc01g007330.2.1	534320000	697080000	299090000	2989200000	4711400000	1286600000	760740000	766750000	754370000	1.2685e+10	3.2079e+10	6761200000
Solyc01g007380.1.1	27222000	76410000	37723000	71205000	76618000	63691000	46836000	70367000	70675000	358830000	954300000	221750000
Solyc01g007500.2.1	73139000	105830000	38514000	96821000	186520000	184460000	78453000	95618000	110990000	1225300000	2386100000	734670000
Solyc01g007520.2.1	0	0	0	9974000	8667100	0	0	0	0	129960000	125870000	38304000
Solyc01g007530.2.1	1466500	8572900	4092400	4552800	21777000	8422100	2590700	4355700	7675100	109590000	307500000	96603000
Solyc01g007590.2.1	27661000	22158000	20327000	21105000	20228000	23474000	18322000	10943000	12793000	19240000	69218000	16904000
Solyc01g007620.2.1	0	0	0	0	0	0	0	0	0	0	0	4455200
Solyc01g007740.2.1	0	0	0	0	2299800	0	0	0	0	3283300	6707400	3392600
Solyc01g007910.2.1	0	0	0	0	0	0	0	0	0	0	1232200	0
Solyc01g008330.2.1	0	2378800	0	1988200	3018100	0	2771100	2462400	0	7991800	11875000	2683200
Solyc01g008370.2.1	3575400	3863700	2709900	5909500	3045900	3297900	2648500	6271100	5219200	7141300	9903700	6155400
Solyc01g008550.2.1	0	0	0	0	0	0	379580	0	0	1758700	3513400	0
Solyc01g008850.2.1	1638100	2276100	1380100	1855400	2893300	1558200	2106000	2530300	1721300	5651200	2402100	5361400
Solyc01g009080.2.1	0	0	0	0	0	0	0	0	0	3190000	13808000	2717500
Solyc01g009100.2.1	3571700	12493000	4347000	7845800	15277000	7270100	6260900	9209600	7464800	8403700	18533000	7240500
Solyc01g009310.2.1	1331800	0	0	0	0	0	0	0	0	0	0	0
Solyc01g009420.2.1	0	0	0	0	0	0	0	0	0	0	775150	0
Solyc01g009620.2.1	0	0	624960	0	0	0	0	0	3124800	734750	0	580520
Solyc01g009990.2.1	0	0	0	4710700	5396700	0	0	0	0	21778000	61567000	12864000
Solyc01g010640.2.1	0	797530	450630	1106500	1394400	1537600	616730	543170	652040	3462200	10986000	1314600
Solyc01g010750.2.1	12548000	17234000	14114000	11554000	14045000	8616200	14255000	17590000	13436000	25178000	22237000	27239000
Solyc01g010760.2.1	0	0	1252000	0	0	0	0	1288000	0	2855800	5035900	1712100
Solyc01g010940.2.1	0	0	0	0	0	0	0	0	0	0	0	0
Solyc01g011040.2.1	1531100	3465600	5714800	2923200	1339800	2000400	4004300	7380500	6843300	3088300	2624700	3099300
Solyc01g013890.1.1	0	0	0	0	0	0	0	0	1061200	0	3574200	1479700
Solyc01g012580.1.1	0	0	0	0	318800	0	0	0	0	0	0	0
Solyc01g014210.1.1	2755200	3031300	3263900	2674600	4117500	3289700	3433300	3760100	3339400	13416000	21387000	4382300
Solyc01g017220.1.1	0	0	0	0	0	0	0	0	0	0	0	6473000
Solyc01g017740.1.1	0	0	0	0	0	0	0	0	0	0	1075000	0
Solyc01g028810.2.1	38962000	43005000	27736000	50992000	69320000	26910000	25409000	27980000	17818000	141550000	316570000	72679000
Solyc01g057830.2.1	21028000	15714000	11395000	19215000	27091000	15914000	14893000	13529000	14098000	35719000	121750000	27960000
Solyc01g058220.1.1	0	0	0	0	0	0	0	0	0	414350	1602900	0
Solyc01g059830.2.1	0	0	0	0	0	0	0	0	0	0	3948200	0
Solyc01g060020.2.1	8929800	2717800	1646200	232270000	77210000	24541000	3433500	4875100	4157900	297600000	572990000	189980000
Solyc01g066520.2.1	0	0	0	253650	0	0	0	0	0	912140	19829000	357120
Solyc01g067290.2.1	168760000	0	0	0	53752000	0	0	0	0	124360000	798080000	68415000
Solyc01g067630.2.1	0	0	0	0	0	0	0	0	0	0	1959600	0
Solyc01g067730.2.1	0	0	0	0	0	0	0	0	0	0	0	1170200
Solyc01g068620.2.1	0	0	0	0	0	0	0	0	0	0	2244300	0
Solyc01g073690.2.1	2389700	5458000	2510100	2150600	2387300	3173200	5479100	4607200	3572600	8482900	16294000	3669000
Solyc01g073730.2.1	0	0	0	0	0	0	0	0	0	399880	0	0
Solyc01g073740.2.1	0	0	0	0	1284900	0	0	0	0	2436700	7511800	0
Solyc01g079090.2.1	0	601130	0	0	756980	0	0	0	0	3854100	44115000	2767600
Solyc01g079450.2.1	0	0	0	0	0	0	0	0	0	2055300	4036700	0
Solyc01g079610.2.1	14080000	23572000	21289000	28817000	30840000	26423000	27710000	36844000	21028000	38329000	36498000	54102000
Solyc01g079790.2.1	0	1001100	531970	937410	760460	0	481860	0	728000	9007500	50479000	2233400
Solyc01g079820.2.1	0	0	0	0	0	184100	0	0	0	0	0	0
Solyc01g079940.2.1	0	0	0	2885200	0	0	0	0	0	10523000	13104000	4430800
Solyc01g080010.2.1	0	0	0	0	0	0	0	0	0	5680300	7916500	2759800
Solyc01g080280.2.1	1760400	4182900	1636700	31190000	60881000	7491400	2816900	3521200	1082900	159750000	483740000	158250000
Solyc01g080290.2.1	0	0	0	0	0	0	0	0	0	0	0	1095700
Solyc01g080530.2.1	0	0	0	0	0	0	0	0	0	1038300	0	0
Solyc01g081540.2.1	5000600	4666700	2473800	0	3087800	0	5247100	4142000	2693100	3233800	3188700	0
Solyc01g086920.2.1	2347400	3917800	6982800	4367800	7859700	0	6539500	6225600	5737000	6385500	1003200	7315400
Solyc01g087710.2.1	0	948760	0	0	0	0	0	0	0	0	0	0
Solyc01g087750.2.1	0	0	0	941780	0	0	0	0	0	1218300	8705300	946450
Solyc01g087780.2.1	8967700	14496000	13831000	13990000	17632000	1.5e+07	21338000	14800000	14853000	17940000	16120000	16940000
Solyc01g087970.2.1	265470000	235680000	259130000	394440000	208250000	261910000	237050000	196290000	264120000	137290000	94254000	116760000
Solyc01g088080.2.1	0	0	0	0	0	0	0	0	0	0	1927200	0
Solyc01g089970.2.1	0	5796300	1571000	1762700	4550400	1233600	3295100	1509700	0	7319600	20489000	3675900
Solyc01g090200.2.1	0	0	0	0	0	0	0	0	0	0	617200	0
Solyc01g090430.2.1	0	0	0	0	0	0	0	0	0	0	1581100	0
Solyc01g090750.2.1	0	0	173760	0	0	0	0	0	0	0	0	0
Solyc01g091190.2.1	643010	441220	0	0	351520	732230	610650	697130	0	1147700	10927000	1196700
Solyc01g091200.2.1	4608600	903080	0	2409700	1278400	1418300	1333900	1752700	0	903950	0	0
Solyc01g091530.2.1	2041100	9687000	11120000	4118100	12540000	5223600	3184000	9013300	11919000	14094000	11713000	9796700
Solyc01g091580.2.1	0	0	0	0	0	0	0	0	0	2030300	4829700	1321400
Solyc01g094200.2.1	0	0	0	0	0	0	0	0	0	2179000	13140000	2358000
Solyc01g094690.2.1	1349000	832500	1042000	1002500	878240	864750	933480	836090	736300	3723400	3294700	1228200
Solyc01g095430.2.1	0	0	0	0	0	0	0	0	0	5313800	24278000	5495600
Solyc01g095670.2.1	0	2982600	0	2695700	3991900	3877700	3506400	4252400	2616600	8274900	42229000	8338900
Solyc01g096490.2.1	787130	1159500	0	733930	0	0	817890	0	677180	0	0	0
Solyc01g096520.2.1	24764000	15707000	13400000	20745000	10395000	18929000	16063000	18433000	11628000	16030000	9747300	15023000
Solyc01g096610.2.1	0	2248900	1660800	1306900	1898500	2457300	886610	1199600	2224400	1295600	984770	1893000
Solyc01g096660.2.1	0	0	0	0	0	0	0	0	0	11074000	30818000	0
Solyc01g096780.2.1	254660000	119110000	156770000	252380000	171750000	219410000	364550000	173190000	239630000	140730000	87347000	172890000
Solyc01g097240.2.1	0	0	0	0	0	0	0	0	0	1948400	0	2583200
Solyc01g097270.2.1	0	0	0	0	0	0	0	0	0	0	697660	936650
Solyc01g097340.2.1	0	2417000	0	0	3043400	0	0	0	0	4043400	20512000	3540800
Solyc01g097460.2.1	0	863610	0	1140000	1345700	0	756710	894820	900730	19172000	56844000	11386000
Solyc01g097810.2.1	0	0	0	503900	786410	0	0	0	0	2056800	7193100	0
Solyc01g097880.2.1	0	0	0	0	0	0	80277	0	0	0	0	0
Solyc08g023590.2.1	0	0	0	0	293290	0	0	0	0	0	0	0
Solyc01g098640.2.1	481490	10321000	1752600	1976600	2520900	4456100	4892800	1797100	1833000	63913000	154260000	41082000
Solyc01g098990.2.1	0	0	0	0	0	0	0	0	0	0	2520600	0
Solyc01g099020.2.1	0	0	0	0	0	0	0	0	0	0	4377800	0
Solyc01g099110.2.1	0	0	0	0	0	0	0	0	0	1865300	6710100	0
Solyc01g099690.2.1	0	0	0	0	0	0	0	0	0	0	5223800	0
Solyc01g099770.2.1	15210000	21152000	8901100	18583000	17896000	13017000	17652000	16837000	10417000	32682000	47275000	18127000
Solyc01g099890.2.1	0	0	0	0	0	0	0	0	0	1380700	1908200	983700
Solyc01g100320.2.1	3334700	3726100	2628400	3723600	5784600	3356000	4142700	4637200	2680900	6726900	13694000	6475200
Solyc01g100360.2.1	1663500	3589900	929220	3195900	10540000	5624100	2002800	3541600	1859700	78434000	58417000	23168000
Solyc01g100520.2.1	0	0	0	0	0	0	0	522030	0	2801200	18293000	1278000
Solyc12g099000.1.1	0	0	0	0	0	0	0	0	0	530650	0	0
Solyc01g102410.2.1	7331000	6377000	3424500	2946600	6672200	11273000	6502100	4954500	5178000	9457200	5712400	5849300
Solyc01g102570.2.1	1710700	2938600	2481100	1992000	1914300	2805700	1741400	2783200	2760600	32374000	34111000	9858300
Solyc01g103100.2.1	0	0	0	0	0	0	597640	522880	0	0	1059500	0
Solyc01g103380.2.1	0	0	0	0	0	0	0	0	0	0	1487600	0
Solyc01g103450.2.1	24953000	30086000	27738000	26152000	35443000	29155000	37297000	24608000	20848000	62860000	174320000	43756000
Solyc01g103750.2.1	0	0	116170	0	297600	0	126420	0	0	2522500	5489100	1943500
Solyc01g104020.2.1	0	0	0	0	0	0	0	609910	0	0	0	0
Solyc01g104370.2.1	0	0	0	0	1908100	0	0	0	0	0	0	0
Solyc01g104400.2.1	3676300	6105700	5944100	1828200	2289600	3933300	3765400	4570300	5660800	1951100	2154000	2554000
Solyc01g105030.2.1	18326000	30817000	27441000	30157000	58016000	53468000	27485000	28154000	22558000	445610000	716280000	283110000
Solyc01g105050.2.1	0	0	0	0	0	0	0	0	0	11413000	16240000	9760000
Solyc01g105060.2.1	68827000	59086000	21623000	40717000	43737000	56698000	48858000	65024000	27956000	44541000	33953000	34910000
Solyc01g105070.2.1	0	0	0	0	1448300	0	0	0	0	31348000	46481000	9870200
Solyc01g105370.2.1	0	0	0	0	0	0	0	0	0	5790600	5903500	0
Solyc01g105410.2.1	19432000	60372000	60068000	40082000	55417000	33531000	54431000	52829000	59451000	40309000	45485000	60053000
Solyc01g105540.2.1	0	827420	0	875000	1099100	0	883460	1095500	639080	3284500	17049000	1402400
Solyc01g105560.2.1	0	0	0	627860	833900	0	0	0	0	1998600	5263300	700540
Solyc01g106260.2.1	1049400	1881700	0	1450600	1669900	1065600	2235100	1443300	0	4760600	8817100	2178000
Solyc01g106430.2.1	0	0	0	0	0	0	0	0	0	0	4728100	0
Solyc01g106480.2.1	16343000	19478000	13074000	20221000	33479000	17854000	16854000	18951000	13484000	88028000	291510000	66067000
Solyc01g106580.2.1	3485200	4517800	4433700	2941200	3534700	3429400	4824200	8835200	4047100	3391800	3880000	3430400
Solyc01g106620.2.1	0	611330	3220900	1790800	1461700	0	2766000	0	0	26306000	83452000	20398000
Solyc01g107130.2.1	0	955530	0	0	1194500	0	1026800	0	0	1381500	12130000	1239800
Solyc01g107640.2.1	0	0	0	0	0	0	0	0	0	0	1160500	0
Solyc01g107820.2.1	0	0	0	0	0	0	0	0	0	2780500	5890800	1334900
Solyc01g107870.2.1	13403000	52103000	25881000	29393000	37061000	29272000	20550000	35535000	23230000	59139000	115170000	49341000
Solyc01g108150.2.1	20271000	34581000	26790000	22252000	24948000	21925000	28550000	41394000	31450000	24838000	31786000	22177000
Solyc01g108630.2.1	0	0	0	3689900	2648800	0	0	0	0	13985000	36052000	5563100
Solyc01g109260.2.1	0	0	2561800	0	2932200	0	0	0	0	4319400	0	8049900
Solyc03g120750.2.1	0	0	0	0	0	0	0	0	0	2474500	2404600	0
Solyc01g109650.2.1	2578000	5217600	6718900	1856400	2860700	3479500	3399300	4357700	7478600	6155800	1681600	5354600
Solyc01g109770.2.1	0	0	0	0	0	671620	0	0	0	898830	3216200	582680
Solyc01g109850.2.1	0	0	0	0	784230	0	479860	0	0	2269400	6442300	1118700
Solyc01g109940.2.1	2128600	4329900	2251200	2674900	3094200	0	3119100	3304100	3812400	6362100	10575000	6436500
Solyc01g110000.2.1	6868400	6298500	6112400	4058000	6577500	4227100	4330700	4955500	3917300	18036000	23343000	14216000
Solyc01g110060.2.1	0	0	8628600	0	0	4762700	0	0	6034300	3428400	0	3853800
Solyc01g110360.2.1	992590	874120	115000	16251000	32385000	2366100	4510400	725300	434100	118080000	410780000	59551000
Solyc01g110520.2.1	0	0	0	0	0	0	71027	0	0	0	0	0
Solyc01g110540.2.1	0	0	0	0	0	0	0	0	0	2009500	0	0
Solyc01g111080.2.1	16413000	30036000	53701000	15558000	32989000	56246000	36876000	72327000	26304000	40714000	51545000	52215000
Solyc01g111120.2.1	0	0	580430	0	1731400	0	0	0	0	4732000	8530300	0
Solyc01g111170.2.1	6360300	5815400	3832500	5544100	11421000	3015300	6630200	7050800	5087200	15168000	32168000	11644000
Solyc01g111400.2.1	132670000	202400000	1.38e+08	155370000	113990000	175650000	181950000	167630000	122220000	70766000	89147000	71851000
Solyc01g111450.2.1	0	1077100	0	0	0	0	1305100	0	0	1648300	5870600	1317600
Solyc01g111510.2.1	971500	2905800	5575900	4668900	3096900	6424400	8423100	4315800	6631700	28241000	63412000	14252000
Solyc01g111630.2.1	1021800	496860	170860	2638400	4813300	816120	1610800	698600	389790	57542000	163370000	24865000
Solyc01g111660.2.1	53346000	38485000	63380000	29028000	33604000	51070000	33636000	36554000	62543000	128790000	161070000	85726000
Solyc01g111670.2.1	0	0	0	0	0	0	0	0	0	852240	0	0
Solyc01g111760.2.1	133270000	193510000	93670000	230550000	268280000	195720000	167780000	199040000	183430000	261790000	863630000	162310000
Solyc01g111830.2.1	0	1662200	0	0	0	0	0	0	0	0	0	0
Solyc01g111990.2.1	0	0	0	0	314240	0	0	0	0	0	3328700	0
Solyc01g112000.2.1	3873100	12964000	7911100	4403500	4427100	3343100	10029000	9143100	11890000	3793800	7941100	7737400
Solyc01g112060.2.1	462680	229830	0	667830	681820	438750	361320	371230	303850	7855700	44559000	1366200
Solyc02g005210.2.1	0	0	0	0	0	0	0	0	0	698050	1724000	658950
Solyc02g014150.2.1	0	2047600	0	1379000	1082900	1748900	1549100	3309100	2087200	13652000	40307000	8217500
Solyc02g014830.2.1	4997900	4496800	8356500	7489600	5999600	7587800	7505700	4093800	8016000	6929900	3871000	6203900
Solyc02g020940.2.1	11102000	8829500	7283700	7721300	11940000	11965000	7146000	8613600	12058000	31413000	101670000	44926000
Solyc02g021140.2.1	3436300	18159000	6983100	6132200	8651700	18824000	22681000	9293700	8155100	5628400	3642300	8085400
Solyc10g078630.1.1	0	0	0	0	0	0	0	0	0	0	51605000	0
Solyc02g030130.2.1	0	0	0	0	0	0	1450200	0	0	0	0	0
Solyc02g031920.2.1	0	0	4284200	0	0	0	0	0	0	0	0	0
Solyc02g031950.2.1	4314600	8063400	7989300	0	6694300	5985800	3916500	6731500	5617000	4570300	6674600	8800900
Solyc02g036240.1.1	0	0	0	0	0	0	0	0	0	576020	0	503490
Solyc02g062300.2.1	0	0	0	0	0	0	0	0	0	2435600	0	1818000
Solyc02g062340.2.1	0	1037100	563810	20075000	37564000	1458100	6958200	732420	476320	124420000	426830000	82501000
Solyc02g062350.2.1	0	1324000	0	2600600	1122700	1390000	1413200	1164500	877810	4350900	5950100	3851100
Solyc02g063150.2.1	3930500	5877600	0	54721000	96806000	7502400	8713800	5519600	0	217810000	608660000	91041000
Solyc02g063490.2.1	0	0	1432600	0	0	0	0	0	0	1134900	3104600	2618900
Solyc02g064630.2.1	0	0	1112000	0	0	0	2328000	0	0	0	0	0
Solyc02g065090.2.1	0	0	0	0	0	0	0	0	0	2680200	11652000	1430700
Solyc02g065400.2.1	689580	16422000	29950000	32424000	74510000	27892000	15708000	20684000	33166000	1031200000	2393100000	604950000
Solyc02g067180.2.1	0	0	0	0	0	0	0	0	0	2178500	7681800	1773000
Solyc02g067460.2.1	3259300	9569400	6887600	6933400	5508300	12375000	6184900	15415000	8324200	31944000	82363000	14803000
Solyc02g094190.2.1	0	0	0	0	0	0	0	0	0	1891800	0	0
Solyc02g068280.2.1	0	4118400	5657900	1861000	1780900	1435200	1980000	1759100	1138300	1019400	580430	829390
Solyc02g068480.2.1	31648000	45655000	82459000	42949000	22361000	27990000	45080000	64194000	38020000	26143000	24462000	35805000
Solyc02g068690.2.1	6130400	1432400	1573500	3184200	1790600	2658500	2034800	1913500	2405700	2644700	2538400	2253800
Solyc02g068700.2.1	0	0	0	0	0	0	0	0	0	0	924020	0
Solyc02g069340.2.1	28132000	20976000	21895000	49229000	28863000	16405000	48303000	45872000	24692000	11441000	7880800	23345000
Solyc02g069940.2.1	4627700	5308300	5718000	9930400	7083300	8731800	3731500	6260300	7962400	3357300	2671100	3280000
Solyc02g070090.1.1	0	0	0	0	0	0	0	0	0	0	1142300	0
Solyc02g070710.1.1	0	0	0	0	0	0	0	0	13321000	0	0	0
Solyc02g070800.2.1	0	0	1631200	0	0	0	0	0	0	0	0	0
Solyc02g071030.1.1	245920000	331820000	446790000	4.24e+08	1065700000	4.17e+09	762160000	419210000	404060000	1126500000	2.09e+09	1810200000
Solyc02g070980.1.1	0	0	0	0	0	460870	0	0	0	0	0	0
Solyc02g071000.1.1	0	0	0	0	0	0	0	0	32206000	0	0	0
Solyc02g071610.2.1	0	0	0	0	0	0	0	443930	0	0	0	0
Solyc02g071620.2.1	1372600	1965800	2124900	2564900	2995000	2028100	1259900	1168600	3230200	6557600	10447000	7823600
Solyc02g071710.2.1	2132800	4153200	7815300	5780800	6265100	6732000	2518100	6182100	8269700	3469800	5382700	8710800
Solyc02g071820.2.1	0	0	0	0	0	0	0	0	0	1184600	0	839680
Solyc02g071890.2.1	0	0	0	0	0	0	0	0	0	1171200	2216500	1051100
Solyc02g072130.2.1	11706000	8442700	13160000	9170900	7661500	12225000	9373400	8267600	1.1e+07	35455000	60069000	26645000
Solyc02g072260.2.1	44916000	30583000	34129000	20512000	24062000	60721000	26558000	26606000	40594000	28507000	18371000	24387000
Solyc02g077020.2.1	0	0	1180400	0	0	0	0	0	0	0	0	0
Solyc02g077080.2.1	0	0	0	0	0	0	0	0	0	3084700	1713800	2677400
Solyc02g077290.1.1	0	0	0	0	0	0	0	0	0	4353700	1740000	1305600
Solyc02g077300.1.1	3916100	3548100	6113500	6969500	5371600	3454700	2774700	4896700	3254500	2501500	0	2421500
Solyc02g077990.2.1	17607000	31813000	11641000	17219000	17991000	25066000	33471000	12548000	15884000	45520000	112990000	23167000
Solyc02g078040.2.1	22594000	39232000	42307000	46314000	62915000	48076000	40389000	38191000	44943000	23481000	17997000	42886000
Solyc02g078850.1.1	0	0	0	0	262010	0	0	0	0	0	0	0
Solyc02g079170.2.1	0	0	0	0	0	0	0	0	0	1220100	5155400	1161500
Solyc02g079220.2.1	0	0	654870	0	0	0	0	0	763780	3870100	5940200	1658100
Solyc02g079950.2.1	10401000	12257000	5444600	45827000	76623000	11463000	9088400	9841300	8039400	325240000	979910000	256350000
Solyc02g080210.2.1	131200000	68511000	102460000	81999000	44725000	113840000	104320000	134690000	60980000	18485000	27190000	40839000
Solyc02g080220.2.1	6759600	3992800	7747000	6818600	3547200	15689000	6164100	4761400	4379600	5733200	5498000	9030800
Solyc02g080540.1.1	14161000	22471000	18294000	42309000	46603000	56559000	20784000	29566000	25502000	326540000	1013100000	178730000
Solyc02g080670.2.1	34270000	111240000	158330000	77047000	137680000	136540000	72045000	138840000	166450000	25819000	23827000	41545000
Solyc02g080810.2.1	5796000	6751600	4289800	8608900	30962000	4398700	11064000	7529100	5597500	62169000	198150000	49737000
Solyc02g081170.2.1	0	0	0	0	0	0	0	0	0	0	2970200	0
Solyc02g081430.2.1	0	0	0	0	0	563510	0	0	0	550420	1841600	647100
Solyc02g081980.2.1	52832000	22375000	34491000	29647000	33189000	26702000	31465000	26470000	26347000	46485000	39334000	50055000
Solyc02g082030.2.1	0	0	0	0	0	0	0	217090	0	0	0	0
Solyc02g082080.1.1	0	0	0	0	0	0	1761500	0	0	0	0	0
Solyc02g082200.2.1	492860	365330	0	0	512190	0	490310	385010	546550	807190	8425600	0
Solyc02g082220.2.1	1278800	7224600	2296900	1851700	5720400	1114200	2075100	4786300	3393800	29282000	38327000	8883200
Solyc02g082450.2.1	0	0	0	0	0	0	0	0	0	1121700	5906200	723650
Solyc02g082830.1.1	0	0	0	0	0	0	0	0	0	0	2259400	0
Solyc02g082930.2.1	0	0	0	0	0	2339700	0	0	0	0	0	0
Solyc02g083410.2.1	0	0	0	0	0	0	0	0	0	489230	1772800	345420
Solyc02g083510.2.1	0	0	0	0	0	0	0	0	0	0	3374500	0
Solyc02g083620.2.1	0	847940	0	0	0	0	0	0	0	0	0	0
Solyc02g083810.2.1	47542000	183010000	133900000	80257000	105250000	68680000	91628000	229120000	159980000	189510000	718260000	157840000
Solyc10g054590.1.1	0	9384800	6334300	0	0	0	15555000	7481700	0	36321000	23083000	19634000
Solyc02g084440.2.1	11338000	9885900	7973900	77378000	132170000	19479000	22498000	8188800	9601400	349220000	1188400000	227840000
Solyc02g085350.2.1	0	0	0	0	977550	0	0	0	0	1382100	8301000	0
Solyc02g085950.2.1	0	0	0	460290	492690	0	0	0	0	18614000	25423000	0
Solyc02g086160.2.1	0	1050000	0	0	1184200	0	1200200	1202500	0	1791800	10211000	1440700
Solyc02g086610.2.1	0	0	0	0	0	0	0	0	0	1157500	2327800	0
Solyc02g086730.1.1	2881700	55463000	24864000	16479000	19078000	20903000	13428000	11340000	15922000	52578000	113390000	43959000
Solyc02g086740.1.1	0	12217000	3046100	11068000	6072600	0	2749700	1990800	9836200	12223000	43424000	15141000
Solyc02g086820.2.1	58841000	34009000	41527000	68503000	115010000	48720000	46609000	36778000	36267000	376930000	930790000	223990000
Solyc02g086880.2.1	0	0	0	0	2210300	0	0	0	0	21460000	24602000	6800500
Solyc02g086890.2.1	0	0	0	0	0	0	0	0	0	0	1165900	0
Solyc02g086910.2.1	0	0	0	1223500	869990	0	0	0	1012600	25887000	46025000	7161400
Solyc02g087070.2.1	0	0	0	0	0	0	0	0	0	4246600	15098000	2647100
Solyc02g087130.2.1	6917600	5156500	4963000	3766000	3971500	3220800	6063400	5210500	5870500	1897000	1235500	1989600
Solyc02g087150.2.1	0	0	0	0	0	0	0	0	0	630830	0	0
Solyc02g087240.2.1	0	1897900	1827000	3759300	2570400	3519800	0	1318400	3639700	3028300	21233000	2589000
Solyc02g087720.1.1	0	0	0	0	0	368020	0	0	0	0	0	0
Solyc02g087770.2.1	55233000	31427000	35534000	55709000	15638000	34507000	77209000	110730000	65284000	20039000	6011500	24981000
Solyc02g088000.2.1	0	0	0	0	0	0	0	0	0	0	0	145980
Solyc02g088610.2.1	0	0	0	0	0	527450	0	0	0	0	3018100	0
Solyc02g088630.2.1	0	0	0	0	0	0	0	0	605990	0	0	0
Solyc02g088690.2.1	0	0	0	0	0	0	0	0	0	2218600	6404100	0
Solyc02g088700.2.1	1707900	2371500	1495500	2251000	2820300	2078800	1991600	1718200	1392400	27825000	143650000	4321200
Solyc02g089070.2.1	2873900	4514000	1882300	3758400	4732200	3681400	3579700	5699900	2880900	17461000	18362000	12315000
Solyc02g089080.2.1	0	0	0	0	0	0	0	8837500	0	0	0	0
Solyc02g089350.2.1	3131400	4651800	17995000	1669000	6426800	5487300	1041200	1765100	1256600	0	0	775620
Solyc02g089440.2.1	6764600	12590000	14226000	13323000	16312000	15759000	15400000	18959000	11608000	14841000	17283000	10757000
Solyc02g090030.2.1	0	1578400	1041200	2511800	21507000	1976700	1010800	2453400	8447400	177470000	473810000	113950000
Solyc02g090070.2.1	609730000	116880000	191180000	740280000	421560000	571080000	209770000	265550000	550390000	426920000	317790000	0
Solyc02g090890.2.1	0	0	0	0	0	0	0	0	0	1828900	7249500	1386500
Solyc02g091100.2.1	0	0	0	0	0	0	0	0	0	2208600	3810300	2975900
Solyc02g091560.2.1	14616000	23081000	6649700	31036000	62471000	32427000	21201000	23922000	17921000	178800000	608050000	113830000
Solyc02g091920.2.1	2542000	4032300	6353700	4889700	3534900	2718400	3823400	6137900	6371000	6345500	4527300	3913400
Solyc02g092000.2.1	2988400	2948200	3745400	1513300	1738300	7905800	4484900	3247100	4061400	2668000	4942600	1717500
Solyc02g092440.2.1	0	1140400	0	1322100	0	0	0	1002900	0	2722400	9103500	1096400
Solyc02g093170.2.1	0	0	0	0	0	0	0	0	0	0	0	267810
Solyc02g093860.2.1	0	0	0	0	0	0	0	0	0	0	2632300	0
Solyc02g093900.2.1	0	0	0	0	0	0	0	0	0	0	1211200	0
Solyc02g093940.2.1	604640	478870	588060	0	0	0	474800	468020	0	0	0	0
Solyc02g094470.2.1	10144000	10381000	12360000	12978000	15191000	13122000	11381000	14137000	16089000	38836000	83477000	32048000
Solyc02g094500.2.1	0	1067800	1575800	0	0	1106000	0	0	1237600	0	1580300	0
Solyc02g094590.2.1	6039100	3890000	3596300	2196200	3666400	0	3664700	2147900	2451600	0	0	0
Solyc02g094640.2.1	0	0	0	0	0	0	0	0	0	1276700	4661200	0
Solyc03g005190.2.1	0	0	0	0	0	0	0	0	0	0	1450600	0
Solyc03g005260.2.1	0	0	0	0	3276100	0	0	0	2841400	5708400	16158000	3649100
Solyc03g005280.2.1	0	0	0	0	0	0	0	9067100	0	7804800	15296000	7113500
Solyc03g005310.2.1	15865000	11909000	18290000	11649000	10859000	8846200	13639000	9862600	17278000	9188600	3299700	12385000
Solyc03g005600.2.1	9634400	7429700	6526900	6672400	6874600	8776100	13951000	8408900	5362100	12545000	17577000	11178000
Solyc03g005690.2.1	0	0	0	933000	0	0	0	0	0	0	0	0
Solyc03g005730.2.1	0	0	0	0	0	0	0	0	0	1674100	7154000	1441500
Solyc03g005760.1.1	0	0	0	0	0	0	0	0	0	4656600	0	0
Solyc03g005770.1.1	729750000	2193600000	2.242e+09	2857100000	4722800000	1.005e+10	2340500000	1340600000	3186200000	4979500000	5541800000	9518100000
Solyc03g005780.1.1	14583000	29162000	300790000	43309000	41758000	706730000	39716000	30876000	240990000	92457000	101100000	611170000
Solyc03g005870.2.1	0	0	0	0	0	0	0	0	0	0	0	1415800
Solyc03g005910.2.1	3843900	13270000	8359800	22034000	32387000	15643000	14300000	13818000	12319000	48048000	85189000	26516000
Solyc03g006050.2.1	11646000	9319900	6201400	7116000	12183000	19786000	16297000	6774500	5495900	12531000	10802000	28428000
Solyc03g006140.2.1	661800	560350	267460	1007400	1562200	916040	1065400	976980	697680	39585000	64814000	49307000
Solyc03g006240.2.1	2175400	3244100	6874700	6069500	4787200	4216500	1923400	4855500	5371300	4477300	1002600	3224800
Solyc03g006870.2.1	0	0	0	0	1608900	0	0	0	0	6626200	15155000	4993400
Solyc03g006970.1.1	294880000	518690000	428190000	292470000	434170000	186030000	384530000	401680000	222510000	110620000	60633000	111540000
Solyc03g007190.2.1	0	0	0	117620	0	0	0	0	0	0	0	0
Solyc03g007480.2.1	0	0	0	0	0	0	0	0	0	0	0	328340
Solyc03g007740.2.1	0	0	0	0	0	0	0	0	0	858890	0	0
Solyc03g013240.2.1	0	0	753810	0	0	0	0	0	0	0	0	0
Solyc03g019780.2.1	0	7119200	2827600	3160200	7961000	7449800	4489100	5298400	2837500	12386000	25255000	20528000
Solyc03g019940.2.1	0	0	0	0	0	0	0	0	0	1894800	3753600	0
Solyc03g020010.1.1	0	0	0	0	0	0	0	0	0	5201400	9359600	1129800
Solyc03g020030.2.1	0	0	2181600	0	0	0	0	0	0	0	0	0
Solyc03g020040.2.1	27134000	28622000	20076000	43861000	43733000	35259000	35108000	25323000	15691000	62352000	35499000	21115000
Solyc03g020050.2.1	0	0	0	0	0	0	0	0	0	2635200	5774800	0
Solyc03g025410.2.1	505020	733510	0	602700	868770	664960	614590	771320	665140	9794300	32953000	8736600
Solyc03g025530.2.1	876810	849210	1124600	0	2025400	952610	1631300	999690	1128300	2215100	1100600	2837900
Solyc03g031600.2.1	0	0	0	0	0	0	0	0	0	712760	0	740690
Solyc03g031790.1.1	4725500	6503300	3379800	5728100	6121800	7825900	8149300	7893100	4661400	7487600	9100600	6982600
Solyc03g032070.2.1	140810000	148200000	137040000	169070000	143090000	123830000	160410000	128750000	143370000	116020000	90817000	126760000
Solyc03g034170.2.1	0	0	0	0	0	0	946020	0	0	3861500	28501000	2526300
Solyc03g034220.2.1	103690000	164630000	88054000	637670000	726260000	190820000	167790000	116350000	79326000	2350500000	6293500000	1294700000
Solyc03g044010.2.1	0	0	0	0	0	0	0	0	0	0	2660800	0
Solyc03g045090.2.1	0	0	0	0	0	1677800	0	0	0	5184600	6323700	6158800
Solyc03g051810.2.1	0	0	0	0	0	0	0	0	0	0	2094200	0
Solyc03g058920.2.1	0	1712800	2182700	0	1525100	0	1348100	1935800	2037500	3428700	14568000	2406400
Solyc03g059180.2.1	0	220820	0	402720	485700	354470	371940	216540	0	9059500	63584000	9244400
Solyc03g071590.2.1	0	0	0	0	0	0	0	0	0	0	2225800	0
Solyc03g078400.2.1	115850000	93434000	77341000	104030000	103340000	95215000	108310000	110490000	74514000	149320000	286490000	132940000
Solyc03g078640.1.1	80156000	32855000	20868000	57636000	40534000	41281000	48510000	38305000	22476000	27274000	14255000	10123000
Solyc03g079930.2.1	13780000	8035200	26389000	10946000	8909500	15426000	12891000	6272500	35072000	6240200	4499100	13693000
Solyc03g080050.2.1	15209000	6384500	7109700	11235000	7416700	8178900	14140000	11415000	7240000	21936000	36884000	15886000
Solyc03g082480.2.1	1771800	913210	2842200	0	0	0	1210200	842050	0	0	0	0
Solyc03g082720.2.1	0	0	0	0	0	0	0	0	0	341640	0	0
Solyc03g082910.2.1	0	164840	0	0	0	0	0	0	0	0	0	0
Solyc03g083090.2.1	0	0	0	0	0	0	0	0	0	0	0	95006
Solyc03g083560.1.1	0	2366900	2614700	3475900	1988400	0	0	6058600	4029300	1530300	0	4045400
Solyc03g083710.1.1	0	4567200	1996800	1673800	5384500	1792600	1483200	1640400	3241800	3994500	2392500	5744600
Solyc03g083730.1.1	2944700	16857000	25194000	24622000	40809000	13531000	10372000	11522000	22586000	25029000	51052000	40845000
Solyc03g093360.2.1	0	0	0	0	0	3927100	0	0	0	0	0	0
Solyc03g093690.2.1	0	0	0	1685400	3683300	0	0	0	0	12469000	35741000	3185200
Solyc03g095220.2.1	13645000	9208400	6797500	10298000	13347000	15993000	9887300	9380800	8792000	14215000	13358000	10670000
Solyc03g095360.2.1	0	0	0	0	0	0	0	0	0	1712000	2805400	2248000
Solyc03g095410.2.1	8455400	8366100	6381900	3964500	7755400	4177800	7368800	9232800	7560400	6592600	5902400	6810400
Solyc03g095470.2.1	0	857850	0	0	0	0	999920	0	759550	823520	1415100	666060
Solyc03g096290.2.1	5788000	3692100	5591000	0	3671500	5158300	4918400	2591500	3841700	7059200	10427000	5118800
Solyc03g096460.2.1	2418200	2235100	2698300	0	0	3162400	0	2257700	3608400	1589700	0	2029100
Solyc03g096540.2.1	0	368680	231580	940630	438850	570290	2533800	3813300	5671800	17517000	42244000	18297000
Solyc03g096550.2.1	0	5538700	0	2480200	2220500	1809800	2346800	2996900	2741000	15789000	29770000	12926000
Solyc03g096730.2.1	0	0	0	0	0	0	0	0	0	0	305640	0
Solyc03g096850.2.1	18331000	158230000	33497000	37939000	74741000	69458000	86819000	99276000	47928000	187720000	200340000	213570000
Solyc03g096920.2.1	1180100	1403600	2383500	0	2108000	1389000	2172000	0	0	1849200	0	2304000
Solyc03g097020.2.1	7489800	8248600	5615000	9462600	8774400	9079600	8186300	6871700	5767500	12389000	9252800	9151700
Solyc03g097110.2.1	0	0	0	0	0	0	361620	0	0	791490	0	0
Solyc03g097290.2.1	0	1600500	0	1206000	567740	0	0	1085000	0	2114600	5333300	1231400
Solyc06g072580.2.1	0	0	0	1004900	0	0	0	0	0	0	16686000	1045600
Solyc03g097970.2.1	0	0	0	0	0	0	0	0	0	408450	0	0
Solyc03g098600.2.1	9831000	7725700	6486900	6621000	9578800	9553700	8556100	8786800	8116200	7063300	10661000	8520300
Solyc03g098730.1.1	0	0	0	762570	0	761130	764810	1166100	830230	19604000	16414000	11846000
Solyc03g098740.1.1	0	0	0	0	0	0	0	0	0	2357100	3899300	3029100
Solyc03g110910.2.1	0	203800	0	0	0	0	0	0	0	0	0	0
Solyc06g071960.2.1	0	0	0	0	1011500	0	0	0	0	6281600	9464700	0
Solyc03g111010.2.1	0	0	0	0	0	0	0	0	0	240130	0	0
Solyc03g111130.1.1	0	0	0	0	678640	0	0	0	0	0	0	0
Solyc03g111140.2.1	27997000	13344000	7246000	19933000	25615000	13850000	12730000	15370000	6719200	10900000	16172000	8129900
Solyc03g111180.2.1	0	0	248170	0	0	0	0	0	0	0	0	0
Solyc03g111200.2.1	0	0	0	0	0	0	0	0	0	600020	0	0
Solyc03g111570.2.1	1820000	1641200	3266600	0	2130000	2229100	1852700	2264200	1802800	3425500	4360600	3355400
Solyc03g111610.2.1	0	0	0	0	0	0	0	0	0	7274400	16196000	5901200
Solyc03g111690.2.1	8399900	8920900	15168000	8816500	9676500	6057900	6408000	15768000	17543000	8835200	3439400	15025000
Solyc03g111850.2.1	0	0	0	0	0	0	0	0	0	0	2228500	0
Solyc03g112060.2.1	0	0	0	0	0	0	0	0	0	0	0	670070
Solyc03g112070.2.1	1868200	1126000	0	957990	1550600	882310	1406600	1045600	0	2940300	23245000	2895000
Solyc03g112300.2.1	243470000	238840000	428980000	184450000	192360000	766690000	473400000	233540000	0	0	230040000	272670000
Solyc03g112870.2.1	0	2454500	2887400	0	3211000	0	2993200	2087100	2058800	7899600	17889000	8753600
Solyc03g113030.2.1	23619000	21868000	40176000	28154000	46197000	26733000	23676000	40456000	34573000	10497000	17686000	18052000
Solyc03g113400.2.1	1440300	1323700	3153200	2106400	3248100	4767700	2083000	2411200	3316600	14322000	15441000	6589700
Solyc03g113630.2.1	222610000	146690000	1.56e+08	101470000	116640000	129840000	137670000	92028000	131290000	98130000	40718000	84365000
Solyc03g113800.2.1	0	0	0	0	0	0	0	0	0	0	1700400	0
Solyc03g114150.2.1	0	0	0	1974000	3086300	0	1357900	4024000	0	7661300	37911000	3167000
Solyc03g114340.2.1	0	0	0	0	0	372000	0	0	0	563040	3010000	560460
Solyc03g114450.2.1	20855000	25666000	28356000	35457000	40892000	55989000	40813000	28019000	26093000	125040000	296170000	62955000
Solyc03g114930.2.1	0	0	0	0	1574900	0	0	0	0	3819300	26059000	4636600
Solyc03g115020.2.1	4785000	7636000	5470600	4301000	4932600	5479300	4985900	5025400	3384200	7519100	22282000	0
Solyc03g115110.2.1	1015300	716660	1728500	1036100	1411800	1541500	0	2253300	1947700	6617300	37639000	7913800
Solyc03g115820.2.1	0	0	0	0	0	0	0	0	0	0	23837000	0
Solyc03g115980.1.1	16947000	18697000	10440000	31038000	44057000	13096000	15813000	13480000	10437000	102230000	380570000	59877000
Solyc03g115990.1.1	3546200	7811700	10524000	8706800	4763500	6727700	7342700	18127000	11698000	9836300	14778000	8195500
Solyc03g116110.2.1	0	0	0	0	0	0	0	0	0	0	0	2379600
Solyc03g116500.2.1	9583200	8778100	3601700	4514500	6876400	4928500	12425000	9663000	6887100	2707100	0	3819900
Solyc03g116590.2.1	0	0	2104000	0	0	1452800	994100	0	0	0	0	0
Solyc03g116790.2.1	74497000	33514000	47975000	54544000	41178000	85387000	71231000	40944000	58868000	40781000	35214000	35159000
Solyc03g116870.2.1	0	0	674150	999350	0	958150	1061600	972370	0	1867100	30198000	1192200
Solyc03g117250.2.1	58594000	14155000	14046000	42489000	12853000	22958000	12252000	3153400	3451200	817570	0	317600
Solyc03g117430.2.1	936260	1290200	0	661020	1133600	0	883700	1157500	0	2023800	6363900	1000500
Solyc03g117440.2.1	1001500	0	0	0	0	0	0	0	0	0	0	0
Solyc03g117740.2.1	0	0	0	0	0	0	0	0	0	2145600	7835000	0
Solyc03g117940.2.1	481590000	359160000	460540000	642950000	411860000	367290000	546030000	759260000	427490000	359540000	284430000	685120000
Solyc03g118040.2.1	4699700	21791000	6997200	8558000	15016000	11127000	7397600	16805000	7482400	17548000	35505000	12920000
Solyc03g118130.2.1	0	259960	0	0	548960	456860	261600	146640	0	1371800	5100300	1466000
Solyc03g118170.2.1	0	0	0	0	0	0	0	0	0	0	4075900	0
Solyc03g118340.2.1	0	0	0	0	0	0	0	0	0	0	3122000	0
Solyc03g118410.2.1	627520	0	0	0	830820	0	0	0	0	1162300	4054500	0
Solyc03g118510.2.1	19104000	13719000	14193000	13480000	19516000	18169000	21587000	11871000	14261000	21467000	12510000	19196000
Solyc03g118780.2.1	1895100	3393400	2468500	1624600	1687200	0	2515000	877140	1017100	2001500	936550	1303900
Solyc03g118800.2.1	217660000	174200000	137900000	137360000	152820000	132510000	179050000	146580000	134980000	139730000	102480000	180790000
Solyc03g119080.2.1	1579900000	2.418e+09	1591700000	2175600000	2429300000	2094900000	2656500000	4775800000	4024500000	1415400000	959790000	1.461e+09
Solyc03g119150.2.1	0	0	0	0	0	0	0	0	0	0	1354300	0
Solyc03g119210.1.1	0	0	0	0	413120	0	763080	0	0	0	673130	0
Solyc03g119650.2.1	0	0	0	0	621080	0	575890	911930	0	2746100	0	826380
Solyc03g120040.2.1	0	0	0	0	0	0	0	0	0	262760	0	0
Solyc03g120080.2.1	93989000	108410000	99874000	106920000	126620000	64422000	83161000	138570000	109600000	45259000	32535000	61171000
Solyc12g044280.1.1	950330	853190	0	0	866460	832660	0	0	842630	16940000	75550000	13388000
Solyc03g120670.2.1	0	0	0	0	0	0	0	0	0	629390	2684200	420900
Solyc03g120680.2.1	0	0	1078200	0	0	0	0	0	0	0	0	0
Solyc06g066660.2.1	0	0	0	0	0	3676900	0	0	0	0	2922000	0
Solyc03g121540.2.1	40707000	16159000	28231000	34449000	44299000	21566000	26733000	13307000	28487000	247480000	93349000	98276000
Solyc03g121600.2.1	10392000	14432000	16659000	35077000	10789000	20528000	20406000	9223700	6591900	2505200	0	1074400
Solyc03g121720.2.1	0	0	0	0	0	0	0	0	0	8115300	18596000	5728000
Solyc03g121860.1.1	0	0	0	0	0	0	0	0	0	646730	0	3474900
Solyc03g123410.1.1	123490000	365420000	553620000	463430000	389140000	229740000	207200000	233500000	510350000	194740000	103810000	583730000
Solyc03g123490.1.1	0	0	0	1992500	0	0	0	0	0	0	0	0
Solyc03g123730.2.1	1577700	3388100	1939100	2460500	3622700	4218800	4728000	3527700	2318500	7503600	9402700	3961600
Solyc03g123760.2.1	0	0	0	0	0	0	0	0	0	618410	2175500	0
Solyc04g005160.1.1	0	0	0	0	1869100	0	0	0	0	2484500	9334700	2922800
Solyc04g005340.2.1	14332000	15279000	9186400	26933000	20043000	24706000	24253000	13645000	9460300	9377600	39051000	10501000
Solyc04g005450.2.1	7851900	4817700	5147800	8177100	8017700	7451100	5235800	3952000	6244000	8574200	9825000	7795900
Solyc04g005700.2.1	26418000	44294000	47505000	41934000	45461000	61107000	29173000	32619000	37199000	38465000	43097000	38479000
Solyc04g007060.2.1	627350	0	0	0	0	0	0	0	0	0	0	1164200
Solyc04g007160.1.1	0	0	13581000	0	0	0	0	0	0	0	0	0
Solyc04g007550.2.1	0	811660	1486200	2116500	3786900	3204400	0	952240	1681400	12152000	41119000	9530700
Solyc04g007950.2.1	0	3039600	4491100	1294700	0	407660	1561700	4185700	3877700	496920	0	2050500
Solyc04g008340.2.1	0	0	0	0	0	0	1624000	0	0	0	0	0
Solyc04g008740.2.1	0	0	0	0	0	0	0	0	0	0	3574100	0
Solyc04g009020.2.1	1097300	0	0	0	0	0	0	0	0	0	0	0
Solyc04g009030.2.1	253880000	259640000	189010000	233440000	438670000	281200000	241300000	247740000	263150000	1238500000	3791900000	1009600000
Solyc04g009200.2.1	831980	1168400	712070	11919000	19430000	1060200	1326800	1027700	0	35470000	114340000	21811000
Solyc04g009540.1.1	2592600	17502000	5439400	2732800	8129000	11420000	6370600	8190500	5937300	12131000	28815000	18021000
Solyc04g009940.2.1	0	633180	0	0	0	0	650910	0	0	825020	3034200	735630
Solyc04g009960.2.1	0	0	0	0	0	0	0	0	0	0	2357200	0
Solyc04g011350.2.1	3103600	7443900	5104700	2050600	5493000	5564300	4507700	5612800	6188100	6616500	12010000	4907700
Solyc04g011500.2.1	13551000	14047000	12761000	16976000	16553000	9090400	16315000	15279000	9835600	18261000	40598000	20338000
Solyc04g014490.1.1	0	0	0	0	0	0	0	0	0	0	916140	0
Solyc04g014570.2.1	5894000	3123300	2228700	3579100	3431900	0	4234700	3411200	2911300	0	3759900	0
Solyc04g014670.2.1	0	0	0	0	0	0	0	0	0	0	0	181330
Solyc04g015180.2.1	0	931190	2592700	709360	765700	0	805620	1721300	2730000	621700	0	535040
Solyc04g015560.2.1	276690000	207420000	203740000	196480000	167210000	149250000	328170000	183940000	138650000	86024000	62977000	113230000
Solyc04g015610.2.1	0	0	0	2556900	0	0	0	0	0	0	0	0
Solyc04g015620.2.1	379980000	154800000	162390000	170960000	126960000	120250000	171290000	126340000	135730000	88256000	47379000	114090000
Solyc04g016520.2.1	0	0	0	0	0	0	0	0	185710	0	0	0
Solyc04g017710.2.1	699260000	1057200000	617360000	1261800000	1228600000	825510000	714520000	989350000	727030000	695310000	5.53e+08	579840000
Solyc04g040130.1.1	0	0	0	0	0	0	0	0	0	2563800	2777700	3099900
Solyc04g040170.2.1	11071000	8102500	7715800	5768400	3017400	0	10049000	8688200	3582800	4558300	2179800	4261900
Solyc04g045340.2.1	958930	1340500	0	1557200	2034500	1365600	1119500	1254000	0	4056300	7404200	1417800
Solyc04g047720.2.1	0	0	0	0	0	0	0	0	0	0	0	602990
Solyc04g049090.2.1	0	0	0	0	0	0	1027800	0	713700	3364400	3846000	1478400
Solyc04g049330.2.1	712420	624040	2065000	716250	524880	4050600	2165000	1023800	685070	1622400	4859500	865530
Solyc04g049350.2.1	0	0	0	0	0	0	0	0	0	1785900	8092700	1886400
Solyc04g050240.2.1	0	1780900	1627800	1814500	0	0	1874100	1735000	0	1244200	1904700	1543900
Solyc04g050480.2.1	0	867450	0	0	0	0	0	0	0	0	0	0
Solyc04g050930.2.1	0	0	0	0	0	0	0	0	0	1300400	3240600	0
Solyc04g051830.2.1	5331100	7830200	2881400	3050400	10062000	4659900	3684200	7475300	2993800	11188000	11123000	8482500
Solyc04g054510.2.1	0	1217300	0	0	0	0	0	0	0	0	0	0
Solyc04g054690.2.1	3549700	0	0	12344000	46757000	5846900	5327500	2995000	2380700	196040000	108800000	183110000
Solyc04g054710.2.1	0	0	0	0	0	0	536680	0	0	0	0	0
Solyc04g054990.2.1	0	1343600	0	0	0	0	0	0	0	0	0	0
Solyc04g057870.2.1	23935000	19334000	28197000	18183000	23927000	26861000	21516000	25503000	20885000	12113000	7027500	11660000
Solyc04g063360.2.1	3269500	5352100	4264800	4368100	6019400	5703500	5050400	6691700	7900300	6374600	2945100	3405300
Solyc04g064820.2.1	0	0	0	0	0	0	0	0	0	0	0	339850
Solyc04g071560.2.1	0	0	0	0	0	0	0	0	0	0	0	924350
Solyc04g071880.2.1	0	0	0	0	0	4801200	0	0	0	3453900	2544700	2451700
Solyc04g072000.2.1	0	0	0	0	0	0	0	0	0	725920	0	0
Solyc04g072850.2.1	211910000	235600000	311720000	388540000	311710000	154390000	193200000	154990000	212370000	386600000	2.27e+08	300820000
Solyc04g072910.2.1	0	0	0	0	0	0	0	0	0	0	1543800	0
Solyc04g074400.1.1	0	1084100	3611200	755990	633540	552540	898700	2023100	0	750710	0	1282800
Solyc04g074410.1.1	75268000	160220000	309770000	110400000	98775000	138910000	94012000	136510000	247550000	57374000	26089000	64955000
Solyc04g074420.1.1	0	0	0	0	10023000	0	0	0	0	0	0	0
Solyc04g074440.1.1	0	0	0	4685400	0	0	0	0	0	0	0	0
Solyc04g074450.1.1	0	6193700	12593000	5031300	7057900	0	4879400	4812800	14102000	1079600	0	3918500
Solyc04g074470.1.1	0	4502100	10238000	4989600	5912100	15019000	11044000	5120800	12624000	7024500	6881100	10175000
Solyc04g074480.2.1	1556200	2788900	403220	10021000	32437000	1411300	2663000	6756600	391610	128090000	339110000	104320000
Solyc04g074640.2.1	891120	914970	639810	1751500	2394100	757120	1411600	821850	650910	34259000	78350000	14121000
Solyc04g074750.2.1	9956800	14237000	12655000	5296700	7616500	6786100	7962600	6541800	9057500	4335400	4668700	5523600
Solyc04g074770.2.1	0	0	0	0	0	0	0	0	0	0	1991400	0
Solyc04g076090.2.1	0	0	0	1316900	0	0	0	0	0	1670800	4708000	1145000
Solyc04g076790.2.1	0	0	0	0	141100	0	0	0	0	0	0	0
Solyc04g077020.2.1	52684000	74459000	62923000	25325000	67407000	41812000	56147000	64446000	71898000	65341000	109190000	75333000
Solyc08g079020.2.1	0	0	0	0	0	0	0	0	0	0	0	676650
Solyc04g078290.2.1	0	0	0	0	0	0	0	0	0	0	0	769950
Solyc04g078820.2.1	27102000	29420000	28769000	21189000	26590000	19476000	24111000	29511000	33186000	20271000	12152000	22841000
Solyc04g079240.2.1	0	0	0	0	0	0	0	0	0	3319900	2688500	2180400
Solyc04g080080.2.1	20987000	10130000	8947400	24157000	19005000	18772000	28957000	23280000	17146000	111550000	69831000	40449000
Solyc04g080180.1.1	0	0	896860	0	0	1456000	0	0	0	0	0	912010
Solyc04g080420.2.1	0	0	286870	0	0	0	0	0	0	0	0	0
Solyc04g080570.2.1	0	1359000	0	0	1235300	1259900	725620	1461000	1314000	3523000	23990000	1340400
Solyc04g080850.2.1	0	0	523350	0	0	0	0	0	0	1026200	3978700	864460
Solyc04g081300.2.1	875700	993810	1024500	942850	832960	1381400	0	810290	772040	0	0	0
Solyc04g081570.2.1	3423700	9259600	2083300	3927400	6567200	4811200	3575300	11479000	2632400	6783000	19411000	5246900
Solyc04g081870.2.1	164440000	139450000	260410000	117040000	124740000	289440000	163820000	202960000	457500000	56880000	38146000	158400000
Solyc04g081970.2.1	762620	654330	866130	0	735530	0	0	0	0	1029300	10027000	1113000
Solyc04g082010.1.1	0	0	0	0	3224600	0	0	0	0	19940000	34506000	7746000
Solyc04g082140.2.1	36788000	116570000	161850000	100890000	157590000	83407000	67498000	102540000	101230000	84654000	76188000	123440000
Solyc04g082250.2.1	103820000	81800000	140760000	99588000	185260000	595580000	158720000	141340000	141950000	335300000	629790000	447610000
Solyc04g082630.2.1	6938900	9162800	4717900	7735400	14362000	7434500	9048400	5842100	8790400	43975000	116090000	37159000
Solyc04g082640.2.1	0	0	0	0	0	0	0	0	0	0	1359500	0
Solyc04g082670.2.1	1453100	2009700	3102000	2007600	1928700	3097200	2544200	2925400	1911100	2233100	3114500	2560100
Solyc04g083010.2.1	0	0	0	0	0	0	0	0	0	0	1861600	0
Solyc05g005480.2.1	0	2417100	0	0	1763100	0	2033200	7441900	1456200	9662000	19938000	2907200
Solyc05g005490.2.1	38294000	19874000	14415000	45748000	20126000	20072000	31278000	24429000	16492000	57868000	60801000	20088000
Solyc05g005550.2.1	7563200	7029000	3054800	6080300	2908500	0	6619600	8627000	0	0	0	0
Solyc05g005760.2.1	0	0	923180	0	0	0	399460	0	453550	0	212230	0
Solyc05g006090.2.1	8235600	8303200	8451600	5562600	7626500	6013900	7006600	7225100	9164300	3826400	2122200	4859500
Solyc05g006520.2.1	0	0	0	0	0	0	0	0	0	477170	2627000	0
Solyc05g007780.2.1	0	0	0	0	0	0	0	0	0	0	1793300	0
Solyc05g007830.2.1	0	16090000	0	18085000	12800000	20785000	11571000	25947000	46272000	9848000	8869700	18550000
Solyc05g008450.2.1	0	0	0	0	1189100	0	0	0	0	4217400	10668000	1093600
Solyc05g008460.2.1	37775000	75579000	64490000	101870000	243680000	97626000	57530000	83196000	82441000	253700000	1031500000	162150000
Solyc05g008600.2.1	0	0	0	0	0	0	0	0	0	0	5274100	0
Solyc05g008810.2.1	0	0	0	0	0	0	0	0	0	1642300	0	0
Solyc05g009120.2.1	0	0	0	0	0	0	0	0	0	0	0	1492500
Solyc05g009570.2.1	0	0	0	0	0	0	0	0	414720	0	3162400	0
Solyc05g009600.2.1	2481600	3341400	3152300	4106300	7569800	1770100	2593100	5181700	3426300	4468900	6436500	6168900
Solyc05g009890.1.1	157970000	108250000	101570000	146790000	147790000	122370000	144310000	124650000	127580000	48278000	40021000	57875000
Solyc05g010670.2.1	1520800	1383300	838900	1500000	5611200	727670	1461300	1337600	775610	8081900	35074000	9073800
Solyc05g012070.2.1	25563000	6146900	834340	16542000	27832000	5862900	3097600	3367100	1184700	2608500	20571000	965410
Solyc05g012260.2.1	10826000	17825000	15142000	12058000	16286000	15148000	17835000	23517000	11742000	14707000	19775000	18327000
Solyc05g012270.2.1	0	0	0	0	0	0	0	0	0	0	803420	0
Solyc05g012400.2.1	0	0	0	1538400	0	0	2301000	0	0	1963900	0	0
Solyc05g012480.2.1	867870	1263100	666040	1445200	1412500	752390	1163600	603470	540340	16819000	114950000	2508800
Solyc05g013160.2.1	0	0	0	0	0	0	0	0	0	302780	2516800	0
Solyc05g013380.2.1	3292000	7982300	3681400	15923000	47248000	5593400	7314500	8966800	14096000	52075000	140960000	68531000
Solyc05g013510.2.1	826970	0	1537700	1373700	0	0	0	0	0	1402900	3144300	0
Solyc05g013690.2.1	135320000	104090000	175400000	146500000	130510000	143290000	131040000	141830000	134020000	39596000	32753000	86679000
Solyc05g014000.2.1	24891000	43390000	55326000	30780000	27846000	20970000	39151000	87598000	73603000	27694000	11475000	41341000
Solyc05g014310.2.1	11619000	12378000	12936000	12841000	28181000	25731000	9704700	10430000	17990000	214190000	177370000	284260000
Solyc05g014470.2.1	13640000	27947000	12711000	19539000	25477000	23003000	25028000	31708000	18642000	53260000	143820000	65067000
Solyc05g014920.1.1	862690	0	0	0	0	0	0	0	0	0	0	0
Solyc05g016440.2.1	1207600	0	1330800	0	497030	0	1196700	560180	1046300	856910	0	983480
Solyc05g017930.1.1	0	0	784660	0	0	0	0	0	0	0	0	0
Solyc05g018590.2.1	0	1184700	1173900	1098800	1098800	0	1156400	0	1230200	0	1724900	1959100
Solyc05g023820.2.1	0	0	0	0	0	282520	0	0	0	0	0	0
Solyc05g026490.2.1	0	0	0	0	0	0	0	0	0	289990	1482900	238020
Solyc05g026560.2.1	0	0	0	0	219970	0	0	0	0	0	0	0
Solyc05g041910.2.1	0	0	0	3795000	0	0	0	1866900	0	6100300	23292000	10436000
Solyc05g046330.2.1	3128800	4880300	3529700	2518900	3332000	3047100	3684300	6258100	3187900	6578100	11548000	8438000
Solyc05g047530.2.1	0	0	0	0	0	0	0	0	0	0	3422900	0
Solyc05g050120.2.1	854880	1065500	477440	8037500	11425000	1341400	3453600	6758100	3287100	165080000	449320000	83527000
Solyc05g050980.2.1	0	0	0	0	0	0	0	0	0	0	113920000	0
Solyc05g051780.2.1	1922600	3178900	4378700	2276700	2028900	1619500	2588400	4915800	3767400	1221600	950660	4116400
Solyc05g052150.2.1	0	446590	0	0	0	0	0	0	0	569030	6275600	2241800
Solyc05g052280.2.1	1691400	1375200	1971900	4288100	2067800	2118500	2451800	2402400	2103500	55230000	36016000	70787000
Solyc05g052510.2.1	62789000	108830000	60102000	114120000	120210000	105830000	67997000	149340000	91315000	120580000	118050000	90418000
Solyc05g052600.2.1	7881700	5484100	3723000	19210000	18225000	6503000	10357000	6414800	5975700	82199000	164920000	34373000
Solyc05g052760.2.1	0	0	0	2377100	2078600	5231100	0	0	0	4237700	5125200	5767000
Solyc05g052800.2.1	0	1784800	0	0	0	0	0	0	0	0	0	990840
Solyc05g053100.2.1	6261100	17160000	4894200	5775200	18735000	16752000	7567400	16293000	6965700	228390000	141350000	81475000
Solyc05g053140.2.1	0	0	0	0	0	0	0	0	1149800	0	0	0
Solyc05g053300.2.1	4914100	3612000	4276400	6072700	13130000	2819200	3449000	4401500	4182900	21610000	64576000	16526000
Solyc05g053470.2.1	4706000	4055500	4137000	5648800	12695000	8855500	4517300	3628400	2820200	32367000	74261000	11891000
Solyc05g053600.2.1	922910	1332500	0	2488500	3070900	1447500	1634700	2074300	2157500	28938000	50901000	24493000
Solyc05g053650.2.1	6475800	23922000	21151000	11582000	21889000	22071000	15340000	21038000	16431000	37787000	61709000	35795000
Solyc05g053960.2.1	0	0	0	0	0	0	0	0	0	0	0	158630
Solyc05g054120.1.1	11007000	7616800	11132000	9424300	7839100	11250000	13788000	8985800	8941300	7542200	11164000	10651000
Solyc05g054380.1.1	0	0	0	0	0	0	0	0	0	0	1205500	0
Solyc05g054480.2.1	0	7901500	0	0	0	0	0	0	0	0	0	0
Solyc05g054580.2.1	33675000	51802000	57890000	36447000	43885000	62071000	40977000	67429000	74168000	71226000	111210000	93151000
Solyc05g054640.2.1	38250000	68773000	37694000	25134000	52429000	57621000	47369000	75720000	55438000	87262000	142260000	36762000
Solyc05g054800.1.1	0	0	0	0	0	0	0	0	0	1317400	4411800	0
Solyc05g055430.2.1	0	0	0	0	0	0	0	0	0	0	459120	0
Solyc05g055720.1.1	0	0	0	0	0	0	6868700	0	0	0	0	0
Solyc05g055850.2.1	0	0	0	0	0	0	0	0	0	0	0	213560
Solyc05g055990.2.1	0	0	3083400	0	4039900	4061100	0	3112600	4814400	10196000	12654000	6106400
Solyc05g056270.2.1	0	0	0	0	0	0	0	0	0	583180	2132300	0
Solyc05g056290.2.1	0	0	0	0	0	0	0	0	0	698560	5938500	0
Solyc05g056300.2.1	0	0	0	0	0	0	0	0	0	1163400	0	0
Solyc05g056400.2.1	5571400	4415700	2695600	5593800	6608400	714970	3808900	3943300	1686500	2580800	3678300	1289900
Solyc06g005260.2.1	0	0	0	0	0	0	0	0	0	551070	0	0
Solyc06g005360.2.1	0	0	0	0	0	0	0	0	0	0	1776300	0
Solyc06g005940.2.1	14017000	18839000	17755000	23605000	31113000	11237000	15619000	18003000	9041400	25476000	26198000	13776000
Solyc09g059310.2.1	0	0	0	0	0	0	0	0	0	1721200	0	0
Solyc06g008160.2.1	1347600	6188000	3001400	3458400	2986400	5711400	6581600	4425900	2482200	15516000	32656000	12201000
Solyc06g008260.2.1	4149500	17122000	12204000	4658700	27638000	33278000	8328400	8382300	7363800	16754000	60126000	14507000
Solyc06g009290.2.1	0	0	0	0	0	0	0	0	0	3512100	3809900	0
Solyc06g009630.1.1	0	0	0	0	0	0	0	0	0	5433000	12324000	0
Solyc06g009940.1.1	0	1277900	0	1812600	0	1386600	0	0	0	161620000	407920000	55541000
Solyc06g010060.1.1	0	0	0	0	0	0	0	0	0	681240	3025200	1080500
Solyc06g011350.2.1	0	0	0	0	1944200	0	0	0	0	0	0	0
Solyc06g034390.1.1	0	0	1851400	0	0	0	0	0	0	0	0	0
Solyc06g036000.2.1	1865200	1783000	0	1600100	1679500	0	2548200	1833600	1965800	1421200	0	0
Solyc06g048540.2.1	0	0	0	0	0	0	0	0	0	0	1608900	0
Solyc06g049050.2.1	0	6337400	7101600	5555900	3842300	1978200	3547900	3206100	5960000	0	3191700	0
Solyc06g049080.2.1	0	0	0	0	1379200	0	0	0	0	2016300	14834000	0
Solyc06g050130.2.1	0	2295400	0	0	0	0	0	0	0	2903600	0	12081000
Solyc06g051010.1.1	4722800	3248400	0	5185800	3363400	3144400	4202900	2289400	3266400	0	1920600	0
Solyc06g051310.2.1	0	0	0	0	0	0	0	0	0	0	0	1964000
Solyc06g053140.2.1	0	763910	0	0	0	0	0	0	0	1145700	13488000	720200
Solyc06g053400.2.1	0	0	0	0	569740	0	0	0	0	0	1621500	0
Solyc06g053480.2.1	0	0	0	0	0	0	601780	0	0	917090	5847000	0
Solyc06g054080.2.1	19200000	17579000	22891000	26023000	22589000	23519000	29537000	23928000	22193000	10959000	7982300	24661000
Solyc06g054260.1.1	5983400	16456000	3487500	24246000	55619000	16011000	14698000	5868900	6072100	278480000	613470000	141300000
Solyc06g060250.2.1	0	705700	0	1091400	1129500	0	1566900	1355700	1559200	3839700	10370000	3473800
Solyc06g060260.2.1	0	0	0	0	0	0	0	0	0	1433900	4802100	0
Solyc06g060640.1.1	158230000	215680000	401530000	132810000	156830000	149410000	34716000	61400000	142720000	75609000	38465000	90646000
Solyc06g061150.2.1	0	2101600	1408600	2077900	2662000	1298700	1679600	3256100	1591700	4110700	3413500	3888800
Solyc06g062280.2.1	0	0	0	0	0	0	0	0	0	0	1807500	0
Solyc06g062350.2.1	19486000	22030000	22298000	21667000	29734000	24937000	21128000	22280000	23950000	16695000	19159000	25788000
Solyc06g062370.2.1	0	845040	0	0	0	0	823330	975500	1015600	0	0	0
Solyc06g062580.2.1	0	0	0	0	0	0	0	0	0	4995100	0	0
Solyc06g063240.2.1	7138500	1979000	4882700	3082400	2309300	2675800	5764600	3352900	2394000	4265600	4670000	7056900
Solyc06g063370.2.1	70038000	103370000	516790000	109670000	318870000	285930000	1.02e+08	262750000	387610000	929100000	2012200000	808930000
Solyc06g065490.2.1	0	0	0	0	3372300	0	0	0	0	4569800	17579000	4255600
Solyc06g065560.1.1	0	0	0	0	0	0	0	0	0	3324200	0	4503800
Solyc06g065970.1.1	1108400000	944970000	1049100000	1269100000	1360600000	978850000	888620000	571110000	889970000	606640000	578480000	912710000
Solyc06g065990.1.1	0	0	0	0	0	0	0	0	0	0	10043000	0
Solyc06g066000.1.1	2874600	5249700	493830	4106100	8975100	7704600	6458800	2433500	4232500	92119000	268820000	41313000
Solyc06g066060.2.1	35980000	31177000	30378000	48664000	28982000	67441000	26093000	28212000	78270000	17974000	16801000	27942000
Solyc06g066100.2.1	2095800	8542500	4151000	3707500	10687000	6399100	3639000	9863400	3540800	23828000	25350000	7978600
Solyc06g066620.2.1	0	0	0	0	0	0	0	0	0	728860	13983000	446920
Solyc06g067910.2.1	90782000	68989000	86648000	84378000	89145000	30512000	56106000	76150000	64540000	71474000	84360000	96310000
Solyc06g067920.2.1	0	0	0	0	0	0	0	0	0	0	1882500	0
Solyc06g067940.2.1	0	0	0	0	0	0	0	0	0	0	4153300	0
Solyc06g068010.2.1	0	0	0	0	0	0	0	0	0	693140	0	802260
Solyc06g068040.2.1	24819000	9730000	15983000	19944000	11824000	11135000	17795000	12325000	15443000	7939900	4742800	9203700
Solyc06g068220.2.1	0	0	0	0	0	0	0	0	0	769930	2253800	0
Solyc06g068280.2.1	30369000	28997000	34258000	30812000	24084000	15131000	31410000	38454000	33203000	33906000	15055000	40958000
Solyc06g068480.2.1	0	0	0	0	0	0	0	0	0	3397700	15457000	3293100
Solyc06g068670.2.1	0	0	0	0	0	0	0	0	0	1341900	2844000	1278400
Solyc06g068970.2.1	0	0	756810	0	0	0	0	0	0	0	0	0
Solyc06g069030.2.1	0	0	0	0	0	0	0	0	0	0	1989100	0
Solyc06g069170.2.1	0	0	0	0	2201500	0	0	0	0	1899500	10913000	0
Solyc06g069730.2.1	0	15821000	0	0	16128000	0	13574000	16641000	0	42210000	96472000	5192000
Solyc06g071050.2.1	0	1525200	2171800	0	0	0	1230900	0	2137300	3304700	2970900	3836400
Solyc06g071100.2.1	623610000	573490000	675690000	603030000	632070000	760840000	600120000	683970000	8.46e+08	3.99e+09	4121400000	1268800000
Solyc06g071910.2.1	32764000	58843000	46152000	34506000	81353000	36500000	42586000	88069000	44234000	41406000	54145000	39599000
Solyc06g071920.2.1	85886000	127840000	58697000	84128000	112620000	109700000	99538000	146050000	90640000	294170000	595970000	332750000
Solyc06g072120.2.1	19163000	29240000	27527000	37466000	44913000	35533000	22512000	39440000	35543000	53945000	146800000	48963000
Solyc06g072220.1.1	0	1772200	0	0	1876400	0	1004400	1467700	0	1193900	0	3621000
Solyc06g072280.2.1	51135000	155140000	123910000	96046000	157600000	133320000	128890000	172390000	162170000	115510000	85177000	87578000
Solyc06g072350.2.1	90566000	259910000	250630000	354140000	83216000	207030000	147780000	55322000	183470000	125470000	124630000	168510000
Solyc06g073190.2.1	0	0	0	0	0	0	0	0	0	1372900	0	1431800
Solyc06g073280.2.1	0	0	0	0	1623000	0	0	0	0	0	8401500	1294500
Solyc06g073700.2.1	0	0	737690	0	0	0	0	0	0	0	0	0
Solyc06g073740.2.1	83165000	212620000	151360000	157630000	207400000	110200000	154420000	216300000	152140000	96264000	59525000	111670000
Solyc06g073870.2.1	0	0	0	0	0	0	408930	659390	693640	0	0	0
Solyc06g074150.2.1	0	0	1602800	0	0	0	0	0	0	0	0	0
Solyc06g074200.2.1	1542200	0	0	0	0	0	0	0	2216800	0	4143400	1412200
Solyc06g074430.2.1	0	1605000	1031400	0	1414900	0	0	1652100	0	1335600	3752100	1006000
Solyc06g074820.2.1	1566600	1730700	2185700	3406200	1851800	0	4534300	0	7117200	7970800	17709000	3906500
Solyc06g074890.1.1	0	0	0	0	0	0	0	0	0	1852800	6593300	1612600
Solyc06g075130.2.1	0	0	0	0	0	0	0	0	0	0	0	0
Solyc06g076220.2.1	0	8637100	11979000	4508000	5361000	8765100	0	6788900	8586600	3650000	0	4959000
Solyc06g076790.1.1	0	0	0	0	0	0	0	0	0	0	0	5895700
Solyc06g076970.2.1	0	0	0	0	0	0	0	0	0	0	2237700	0
Solyc06g081980.1.1	678930	1180200	0	3589700	1742600	656460	0	0	0	4976300	18533000	1551200
Solyc06g082620.1.1	2296300	2485300	0	3325900	2876900	0	2758400	2828200	0	1291200	0	1632100
Solyc06g082950.2.1	3373900	4520800	6303400	7810100	24190000	20255000	0	5913000	41046000	179710000	510100000	196360000
Solyc06g083260.2.1	0	0	0	0	0	0	0	0	0	0	0	429570
Solyc06g083300.2.1	3495800	2941000	1619400	0	2051800	0	3041800	1715400	0	11190000	20780000	8995000
Solyc06g083310.2.1	9457700	19329000	10729000	17014000	18384000	17997000	21515000	26966000	10289000	19903000	27125000	14097000
Solyc06g083530.2.1	0	0	0	0	0	998810	0	0	0	0	0	0
Solyc06g083650.2.1	2546600	7041000	9647700	5532400	5371200	4838600	4303100	9075700	7759900	5165100	2767500	7659900
Solyc06g083690.2.1	0	0	0	0	0	0	0	0	0	639680	2623600	654300
Solyc06g083750.2.1	0	10995000	0	0	0	0	0	0	0	0	0	0
Solyc06g083790.2.1	0	0	0	0	0	0	0	0	0	1964600	9169000	0
Solyc06g083820.2.1	0	0	0	0	0	0	0	0	0	505190	1537800	0
Solyc07g005090.2.1	0	3266100	4335600	5462400	6608800	11621000	5496400	4538200	0	7253400	0	20012000
Solyc07g005180.2.1	0	0	1010100	0	0	770420	985550	0	657600	1048600	1120200	1004200
Solyc07g005190.2.1	12311000	27289000	24890000	12759000	23263000	22663000	14502000	26192000	33404000	13644000	11088000	14427000
Solyc07g005330.2.1	0	0	1547100	1405500	2712400	0	0	1791500	0	39820000	27776000	10378000
Solyc07g005390.2.1	1478800	2917200	1556100	2504700	8387200	2365400	2061600	2020600	1750600	6912400	21247000	3890000
Solyc07g005600.2.1	0	0	0	0	0	0	0	0	0	0	2620000	0
Solyc07g006260.2.1	0	756820	0	0	0	0	0	0	0	0	0	0
Solyc07g006280.2.1	1510100	943550	849890	991040	0	0	0	0	885540	4917200	6771200	1925000
Solyc07g006490.2.1	0	0	0	0	0	0	0	0	0	0	0	0
Solyc07g006520.2.1	0	0	0	0	0	0	0	1602400	0	2849400	8274200	2159600
Solyc07g006790.2.1	2302100	2714800	2835000	3056300	3207600	2514600	2453500	2733900	0	15904000	48381000	3901200
Solyc07g006890.1.1	0	0	0	2385100	2645400	0	0	0	0	20083000	13783000	3093000
Solyc07g007110.2.1	0	0	0	0	0	0	0	0	0	0	1577800	0
Solyc07g007600.2.1	23777000	27426000	25361000	23740000	29638000	23708000	26973000	28851000	24517000	60627000	144630000	40173000
Solyc07g007760.2.1	2178900	2571800	1071600	1641500	3559900	3468800	4003300	2901000	952910	18190000	14079000	7402700
Solyc07g007780.2.1	0	0	0	626660	572120	0	620950	0	0	1144500	968300	755610
Solyc07g008370.2.1	22265000	117310000	86355000	37206000	49824000	68011000	52259000	76248000	71866000	43114000	83798000	116880000
Solyc07g008530.1.1	0	0	0	0	0	0	0	0	0	1487600	0	0
Solyc07g008710.2.1	0	0	0	0	0	2269100	0	0	0	0	0	0
Solyc07g009140.2.1	6523800	4609200	6131400	7367800	7579000	6078000	6537200	11883000	6619800	9698800	19562000	17723000
Solyc07g009380.2.1	0	0	0	0	0	0	0	0	0	1211500	0	482670
Solyc07g014700.2.1	27626000	65938000	65696000	60718000	58292000	70305000	67503000	83106000	70314000	88498000	93052000	77279000
Solyc07g014730.2.1	3672100	2904600	3803200	4524000	2134900	3413700	3714200	0	2513200	1951800	2165100	2765800
Solyc07g017600.2.1	3321800	4555800	5551600	3416600	4159800	3350300	2686200	3499900	5346700	2410300	2611400	3135000
Solyc07g017780.2.1	10927000	15832000	14584000	9371700	12668000	15003000	9231800	12706000	13956000	47834000	40262000	24633000
Solyc07g017880.2.1	0	0	0	0	0	0	0	0	0	13690000	0	3929000
Solyc07g022770.1.1	0	0	185410	0	0	0	0	0	0	0	0	0
Solyc07g026770.2.1	0	0	0	0	0	0	0	0	0	1352800	1627700	0
Solyc07g041310.2.1	2487200	2881400	3547800	5143800	3496500	5160700	3855500	3410100	2926800	2560600	4823100	2866200
Solyc07g041720.1.1	629350000	3564100000	4173700000	4844800000	3782800000	2.393e+09	2662500000	3607200000	4077300000	1297400000	865760000	3473200000
Solyc07g041790.1.1	0	13410000	0	0	0	0	0	0	0	0	0	0
Solyc07g042250.2.1	0	1902100	561680	942020	2828300	2029300	1328600	1091300	427070	7679300	11919000	1316100
Solyc07g042300.1.1	0	2580000	2036700	3269900	2035600	1488500	1396800	2770400	2391700	1089100	0	3009500
Solyc07g042390.1.1	0	1089400	0	0	989340	655040	0	0	0	0	0	0
Solyc07g042440.2.1	1435700	856300	1169400	2036000	2403200	1679100	947260	2431300	1105100	16829000	80350000	18428000
Solyc12g009300.1.1	0	0	0	0	0	0	0	0	0	1191500	0	0
Solyc07g042570.2.1	0	590220	0	0	638520	0	511130	566690	504720	3031600	1018200	1036500
Solyc07g043310.2.1	0	0	0	0	0	0	0	0	0	6205000	17876000	2938000
Solyc07g044840.2.1	0	1265100	1474100	0	3647100	0	0	0	1137600	1182800	2396700	1763000
Solyc07g045540.2.1	12549000	15057000	9053400	5301000	12349000	16421000	8180000	16019000	12698000	7163400	22030000	14908000
Solyc07g047850.2.1	0	0	0	0	0	0	0	0	0	14816000	0	0
Solyc07g049230.1.1	0	0	0	0	0	0	1386200	0	0	0	0	0
Solyc07g049450.2.1	41016000	68991000	18436000	37620000	79819000	34923000	43270000	92811000	35877000	46513000	48406000	42852000
Solyc07g049480.2.1	51045000	45529000	66678000	39531000	56320000	48444000	65565000	62131000	64912000	38939000	31177000	47719000
Solyc07g049730.2.1	0	0	0	0	0	0	0	0	0	0	0	498740
Solyc07g051850.2.1	0	0	0	1683800	1646400	846890	1703400	1387300	1991100	16395000	28122000	14482000
Solyc07g052140.2.1	0	0	0	0	0	0	0	0	0	1475000	1394300	889080
Solyc07g052350.2.1	0	0	0	4052400	4126200	0	0	0	0	13061000	29670000	7266200
Solyc07g052480.2.1	1623200	721860	533150	5576900	8230300	1809200	351290	643910	312950	153340000	214060000	58500000
Solyc07g052510.2.1	3856700	959700	1567500	1183300	705460	1482400	2658200	846760	1646000	787840	0	2237300
Solyc07g053260.2.1	3405100	3804800	1321800	3992600	4351300	1764600	5789200	5430600	2000100	12315000	17517000	5889800
Solyc07g053280.2.1	0	0	0	0	1252500	1148900	0	0	0	2677500	7512700	860700
Solyc07g053650.2.1	29760000	30977000	25785000	21933000	42840000	47738000	21714000	57934000	53274000	58930000	60037000	32248000
Solyc07g053980.2.1	998500	0	724100	0	0	677110	780940	0	863180	1704400	0	939030
Solyc07g054210.2.1	1328600	1623900	616040	11298000	13066000	800870	1134300	1983600	612380	18578000	118970000	3325000
Solyc07g054290.1.1	0	0	0	390430	2096600	0	0	0	0	9945300	37309000	2822700
Solyc07g054820.2.1	0	0	0	430870	828560	321640	181700	0	0	12696000	46922000	11034000
Solyc07g055320.2.1	110940000	78490000	140020000	69563000	216240000	648630000	162470000	128750000	137990000	254800000	567290000	540050000
Solyc07g055690.1.1	0	0	0	0	0	0	0	0	0	5257200	7264600	4779500
Solyc07g055990.2.1	0	265280	0	0	0	0	0	0	0	0	0	0
Solyc07g056000.2.1	0	0	0	1194100	1355900	0	0	0	0	8289200	2484400	11733000
Solyc07g056050.1.1	0	0	0	0	0	0	0	0	0	0	3077900	0
Solyc07g056140.2.1	0	1976500	0	2227500	3315100	0	1930800	2114400	0	24269000	56955000	4708100
Solyc07g056540.2.1	37627000	50514000	22715000	94980000	97139000	65561000	51512000	79543000	49150000	481430000	1088100000	290770000
Solyc07g062480.1.1	2012800	2915900	2666800	32934000	19934000	15253000	13338000	19805000	14454000	189710000	132990000	219780000
Solyc07g062490.1.1	2704000	2611100	2851900	13792000	10276000	6919900	2951700	11309000	10100000	61196000	34916000	108670000
Solyc07g062570.2.1	0	0	0	0	0	0	0	0	0	0	524740	0
Solyc07g062610.2.1	0	0	0	0	0	0	0	0	0	0	2127200	0
Solyc07g062650.2.1	6290700	7041600	11432000	8991200	25458000	10090000	5377100	12563000	8014900	19358000	39713000	17945000
Solyc07g062700.2.1	1875000	0	1994900	0	1325100	2063800	1637100	0	2073000	0	8806700	5448500
Solyc07g063010.2.1	16706000	18390000	22709000	8288400	16227000	14062000	24407000	39013000	29054000	10117000	3600600	7590700
Solyc07g063190.2.1	0	0	0	2378100	2593800	0	0	0	0	2970400	13970000	3159400
Solyc07g063340.2.1	0	0	0	0	0	0	0	0	0	0	609420	0
Solyc07g063600.2.1	0	32808000	0	15672000	192790000	624950000	32135000	23076000	109870000	69625000	156990000	1034700000
Solyc10g006580.2.1	4705900	10416000	4288200	5539400	8401800	8586100	7528100	9204600	6386800	8294400	18632000	4023100
Solyc07g063960.2.1	8498600	25352000	7703000	7280100	13138000	9043300	6611600	14154000	11138000	10807000	17577000	12908000
Solyc07g064610.2.1	2294200	2853400	3262300	2699500	2484600	3322400	3339900	2900500	3519200	8995600	12870000	5944300
Solyc07g064670.2.1	0	0	0	0	0	0	0	0	0	2038300	0	0
Solyc07g064950.2.1	0	0	0	742090	1724100	0	0	0	0	3428200	15442000	1823300
Solyc07g065030.2.1	0	0	0	0	0	0	0	0	0	0	1053000	0
Solyc07g065050.2.1	0	1066700	0	0	0	2055200	1064700	1410700	0	1341000	2104900	1315400
Solyc07g065120.2.1	0	0	0	3054200	0	0	0	0	0	6673300	4244800	0
Solyc07g065900.2.1	3323800	2978300	813420	10076000	16728000	2664000	2702900	6014400	2058000	39460000	214670000	27319000
Solyc07g066170.2.1	32324000	39772000	59903000	21156000	36630000	42708000	39113000	47030000	81774000	34782000	24129000	68796000
Solyc07g066310.2.1	46240000	56862000	36375000	38210000	49895000	58020000	42800000	40381000	40896000	84513000	120430000	54409000
Solyc07g066320.2.1	5756300	8052000	2578300	7569700	11755000	8230200	7428800	9393600	4180600	9910800	4373300	4956500
Solyc07g066470.2.1	0	0	0	935360	1214000	636530	946350	0	0	4494100	18702000	1372900
Solyc07g066580.2.1	0	0	0	0	0	0	0	0	0	0	1497300	0
Solyc07g066600.2.1	6716100	7716800	6731200	5302200	5352200	7963500	9132100	10049000	6050800	6566100	9688600	5615200
Solyc07g066610.2.1	28917000	43928000	17787000	86207000	182760000	53748000	40604000	54197000	33819000	485050000	1352300000	412700000
Solyc08g005590.2.1	0	0	0	0	0	0	0	0	0	690460	3052400	299090
Solyc08g005680.2.1	6535100	0	0	0	0	0	0	0	0	0	0	0
Solyc08g006090.2.1	0	1247500	591680	683760	1838400	1590800	1179800	519560	553080	1084500	1189100	861740
Solyc08g006880.2.1	0	0	0	0	167470	0	0	0	0	0	0	0
Solyc08g006930.2.1	51143000	52377000	100510000	149250000	169820000	46116000	54637000	146190000	74969000	172770000	117460000	55375000
Solyc08g007040.2.1	0	2126700	0	0	3310500	0	0	0	0	5748600	25149000	4086100
Solyc08g007900.1.1	0	0	57411000	0	0	0	0	0	0	0	0	0
Solyc08g008130.2.1	0	0	0	124560000	0	0	0	0	0	0	0	0
Solyc08g013670.2.1	5851900	8584800	6187500	13899000	29675000	6094300	7775200	10381000	2890700	250930000	368640000	76124000
Solyc08g013860.2.1	0	0	0	0	0	0	0	0	0	0	2523300	0
Solyc08g014130.2.1	0	0	0	0	0	0	0	0	0	678570	1306300	742800
Solyc08g014390.1.1	34745000	14804000	30828000	2623400	2964900	7089000	20636000	2291400	8500700	8810800	7463900	17693000
Solyc12g017570.1.1	0	0	0	0	0	0	0	0	0	559610	2130900	0
Solyc08g023440.2.1	0	0	0	0	0	0	0	986410	0	0	1387200	0
Solyc08g028900.1.1	0	0	0	0	0	0	5847900	0	0	0	0	0
Solyc08g028910.1.1	31951000	21567000	25075000	16204000	17529000	18600000	25225000	16220000	15921000	17851000	8290200	11242000
Solyc08g041870.2.1	0	0	0	0	0	0	0	0	0	3502200	0	0
Solyc08g041980.2.1	0	0	0	0	0	0	0	0	0	9922800	0	0
Solyc08g045710.1.1	0	0	0	0	0	0	0	0	0	9062600	7695300	3805300
Solyc08g048250.2.1	0	0	0	0	0	0	0	0	0	19159000	37819000	12722000
Solyc08g061000.2.1	800260000	768100000	688930000	588480000	764910000	748960000	567940000	578730000	676970000	548710000	328590000	719750000
Solyc08g062660.2.1	0	0	0	798080	0	0	0	0	0	0	0	0
Solyc08g063050.2.1	1720600	1950800	0	0	1926000	0	0	1871200	0	4349900	2401100	2435400
Solyc08g063080.2.1	0	0	0	0	0	0	0	0	0	0	3209400	0
Solyc08g065220.2.1	1621300	3954300	2291000	7632400	30450000	2651700	13389000	1862200	837000	129510000	481680000	74365000
Solyc08g066700.2.1	0	0	0	0	0	0	0	0	0	0	0	409270
Solyc08g066800.2.1	46278000	54775000	51507000	57689000	78075000	73711000	48708000	72890000	70222000	74607000	101930000	58436000
Solyc08g066870.2.1	0	0	0	0	0	0	0	0	0	0	0	4854300
Solyc08g067020.2.1	0	0	0	0	0	0	0	0	0	0	5575100	0
Solyc08g067030.2.1	1.337e+09	1454800000	1945100000	1.701e+09	1445500000	1539100000	1504300000	1832600000	2025200000	778910000	556550000	956700000
Solyc08g067510.1.1	0	283410	0	0	0	0	0	0	0	0	0	0
Solyc08g067620.2.1	0	0	0	0	0	0	0	0	0	0	3910800	0
Solyc08g067830.2.1	0	0	196140	0	0	0	0	0	0	0	0	0
Solyc08g067910.2.1	0	0	0	0	0	418800	0	0	0	0	0	0
Solyc08g067940.2.1	0	0	0	0	0	0	0	0	99743	0	0	0
Solyc08g068580.2.1	58460000	59552000	22595000	64605000	29859000	83724000	62638000	56907000	46118000	21189000	17331000	18091000
Solyc08g069040.2.1	7979400	3868300	3476800	3706200	2840500	1563400	10699000	7175800	5626500	2889500	1279500	4240100
Solyc08g074620.1.1	60280000	93683000	119560000	148740000	186150000	212230000	71113000	108370000	112930000	151830000	186270000	153090000
Solyc08g074630.1.1	0	0	2193300	0	0	0	0	0	0	0	0	0
Solyc08g074680.2.1	0	0	0	0	0	0	0	0	0	37991000	93254000	42927000
Solyc08g075400.2.1	0	0	0	0	0	0	0	0	0	550350	0	0
Solyc08g076090.2.1	0	0	0	0	0	0	0	0	0	0	1706000	0
Solyc08g076220.2.1	9643300	7144400	8847200	36973000	50762000	15963000	12005000	11763000	10183000	108770000	348850000	84870000
Solyc08g076290.2.1	5661200	10252000	9730300	6771400	9951100	12349000	6280300	7213700	9313600	17026000	37173000	19378000
Solyc08g076450.2.1	0	0	0	0	0	0	0	0	0	391910	6762300	589160
Solyc08g076460.2.1	0	0	0	0	0	443680	0	0	0	0	0	0
Solyc08g076480.2.1	0	0	0	0	864870	0	0	941940	0	1467700	5910800	1317400
Solyc08g076540.2.1	0	0	0	0	0	0	0	0	0	1010800	0	563510
Solyc08g076840.2.1	27414000	29947000	43776000	23627000	19572000	29994000	28382000	28824000	40431000	8988500	13234000	15411000
Solyc08g077200.2.1	15845000	22140000	11659000	16563000	17516000	10288000	11237000	12001000	5886800	5352600	7058100	4623400
Solyc08g077240.2.1	57273000	40407000	39563000	44353000	41827000	48312000	49912000	46243000	32042000	48762000	48684000	23828000
Solyc08g077440.2.1	0	0	0	0	0	0	0	0	0	0	2001800	0
Solyc08g077890.2.1	0	0	0	0	0	0	0	0	0	0	1886200	0
Solyc08g077930.2.1	0	0	0	0	0	0	0	0	0	0	2400400	0
Solyc08g078440.2.1	0	0	0	0	0	0	558020	554820	648880	356550	0	0
Solyc08g078640.1.1	3709400	4937800	6674500	7578200	5668800	4136900	6492900	6962300	6250900	3600500	2234900	2703900
Solyc08g079230.1.1	0	0	5551100	0	0	0	0	0	0	0	0	0
Solyc08g079070.2.1	0	0	0	0	0	0	0	0	0	1098000	796770	0
Solyc08g079090.2.1	0	1324400	0	0	1929000	2400500	0	1583700	1847000	2556700	3158700	3443300
Solyc08g079110.2.1	0	0	0	0	0	0	0	0	0	0	4066300	0
Solyc08g079180.2.1	0	707960	0	1457000	2479700	1539300	505090	0	0	12334000	45669000	5522800
Solyc08g079200.1.1	185560000	142780000	51136000	126850000	94303000	136300000	31764000	82126000	136390000	71338000	24462000	10804000
Solyc08g079240.2.1	0	0	0	334310	531290	0	0	0	0	643390	5770000	534120
Solyc08g079620.2.1	0	0	0	0	0	0	0	0	0	0	6151400	0
Solyc08g079850.1.1	104790000	105590000	61106000	107170000	140180000	127820000	84095000	125970000	106630000	122750000	143440000	92156000
Solyc08g080550.1.1	0	0	0	0	0	846260	0	0	1301500	0	0	0
Solyc08g080590.2.1	5587500	6780700	6806300	8165300	7197100	13751000	7620500	4639700	6348000	6907400	6084900	9967900
Solyc08g080640.1.1	0	0	0	0	0	0	0	0	0	46058000	52507000	60587000
Solyc08g080650.1.1	0	0	0	0	0	0	0	0	0	0	2842400	2568700
Solyc08g080660.1.1	0	0	0	0	544780	0	0	0	0	30326000	44773000	35950000
Solyc08g080670.1.1	0	0	0	0	0	0	0	0	0	0	4362300	0
Solyc08g081170.2.1	178260000	126670000	131450000	117060000	143380000	160620000	168470000	100670000	124270000	97444000	56586000	55078000
Solyc08g081190.2.1	13854000	13422000	13184000	13328000	7175100	9524000	16878000	13968000	7935300	39973000	54137000	27725000
Solyc08g081250.2.1	0	0	0	13084000	2880900	0	0	0	0	6304900	14291000	3286300
Solyc08g081320.2.1	9707500	13595000	9761900	7079900	11775000	7275900	9763800	11504000	16756000	18397000	16776000	22608000
Solyc08g081430.2.1	0	0	0	0	0	0	0	0	0	0	5414100	0
Solyc08g081480.2.1	7870400	11433000	14548000	13758000	14230000	6796700	7420800	9630000	6984000	6342200	5525100	7127300
Solyc08g081620.2.1	43378000	25323000	21616000	21509000	23314000	24886000	44974000	24229000	36498000	8152800	14009000	14820000
Solyc08g081920.2.1	1174300	0	0	0	1313500	0	0	1206100	0	0	1053300	0
Solyc08g082170.2.1	1590800	2254400	2010800	2197900	3171000	1922200	0	2179800	2559900	2798900	5089000	2963800
Solyc08g082250.2.1	5669200	16230000	10620000	10444000	19010000	6510600	10839000	12621000	5749600	0	2960600	2877300
Solyc08g082430.2.1	0	0	0	0	1064000	0	0	0	0	2180700	7626500	851220
Solyc08g082760.2.1	0	0	184340	0	0	134120	0	0	0	0	1358400	0
Solyc08g083250.2.1	16452000	13983000	9470000	11081000	12853000	9014200	15837000	11352000	7733000	8424300	12241000	14012000
Solyc08g083320.2.1	84914000	204530000	79463000	118770000	157010000	186760000	112200000	144090000	125160000	17528000	17108000	20330000
Solyc08g083360.2.1	0	0	0	0	0	0	0	0	0	1693600	7362400	0
Solyc09g005620.2.1	0	0	0	0	916410	0	0	0	0	2853400	6512400	0
Solyc09g005810.2.1	0	2171000	929020	1345100	2149100	1583300	1784100	1475600	1172800	3092600	7431500	1698800
Solyc09g007640.2.1	100510000	54434000	62430000	69946000	57346000	91243000	104840000	57928000	118180000	38279000	25461000	34880000
Solyc09g007770.2.1	2426500	2409900	2078900	1953300	2460400	0	3351600	2987200	2173800	0	5389200	0
Solyc09g007850.2.1	56439000	57701000	31414000	32387000	47197000	25160000	38020000	36434000	27513000	39398000	82926000	31960000
Solyc09g007920.2.1	0	0	0	0	414290	0	0	0	0	0	0	0
Solyc09g007910.2.1	0	0	0	0	1529000	1073200	0	0	0	5278600	11122000	2410900
Solyc09g008280.1.1	2505100	5855600	2614300	0	0	0	0	4738700	1746100	4020300	9473400	3844700
Solyc09g008320.2.1	6059000	20055000	20123000	7823100	9818900	7880100	18651000	21404000	18801000	9677600	4346500	6949300
Solyc09g008610.2.1	2608800	4824400	4188500	2371200	3584300	2479800	3278700	4069000	3007700	14634000	33733000	3648100
Solyc09g009260.2.1	0	2767600	0	2965800	3031600	4687700	2733300	2779500	3728800	8560500	26142000	7075900
Solyc09g009390.2.1	0	924750	0	2421800	2269900	0	2188400	2391300	0	13874000	25529000	3190500
Solyc09g009430.2.1	3809100	2378100	2041800	3393500	1895900	4409200	6043600	4198700	2796000	5101700	11619000	4555000
Solyc09g009530.2.1	0	0	0	0	0	0	0	0	0	0	686260	0
Solyc09g009890.2.1	5128500	6696300	9797500	7295400	7174400	7082500	8314000	6644500	6800300	40215000	40021000	32955000
Solyc09g010210.2.1	28425000	13259000	14964000	31273000	20831000	13631000	14551000	9000300	17256000	18033000	18879000	21655000
Solyc09g010860.2.1	0	6930500	6783800	4276000	3610100	7345100	1820600	4943200	8254800	1472000	1106000	7540500
Solyc09g010930.2.1	0	0	0	0	0	0	1313600	0	0	1983800	8672700	1924800
Solyc09g011050.2.1	0	0	0	304890	0	0	0	0	0	0	0	0
Solyc09g011080.2.1	0	0	0	0	1534200	0	0	0	0	0	10893000	1230100
Solyc09g092080.2.1	118790000	93176000	16227000	120920000	198100000	136810000	138550000	126240000	11701000	44706000	68364000	38839000
Solyc09g011920.2.1	0	0	0	0	0	0	0	0	0	1753200	4586300	2575300
Solyc09g014240.2.1	1757400	1946100	0	0	1584800	0	0	0	0	0	0	0
Solyc09g014480.1.1	52083000	42162000	33163000	35568000	39914000	31590000	30445000	88031000	42396000	28354000	15781000	23274000
Solyc09g014760.2.1	0	0	3497800	0	0	0	0	0	3648900	4474900	22475000	3681100
Solyc09g015040.1.1	6668000	8014500	0	7635500	11139000	5290700	5962900	8764200	4395400	45770000	31483000	61151000
Solyc09g015930.2.1	0	0	0	0	0	0	0	0	0	1112100	0	0
Solyc09g018010.2.1	27607000	11909000	10807000	9295100	29835000	13090000	14930000	7338500	8870200	40842000	54936000	45635000
Solyc09g018450.2.1	0	0	0	0	0	0	0	0	0	0	6781900	0
Solyc09g031920.1.1	0	0	0	0	0	0	0	0	295140	616820	1997500	505160
Solyc09g042770.2.1	0	0	0	0	0	0	0	0	0	1533200	0	0
Solyc09g059040.2.1	0	0	0	0	0	0	0	0	0	8284400	9349000	5431600
Solyc09g061620.2.1	0	0	0	0	0	0	0	0	0	1640700	0	0
Solyc09g064370.2.1	0	0	0	0	0	0	407590	0	0	750010	3567500	0
Solyc09g064450.2.1	2934000	2543300	2504700	2200600	2038700	3437000	1375800	2602900	2931600	7552800	25527000	8597000
Solyc09g064500.2.1	0	0	0	0	0	0	0	0	0	0	15004000	0
Solyc09g065180.2.1	1035600	913400	673730	1787700	2275200	0	907790	781960	487370	18265000	5.9e+07	4533600
Solyc09g065190.1.1	54978000	81561000	56606000	92200000	82004000	61039000	64021000	101610000	72416000	48603000	43780000	75666000
Solyc09g065270.2.1	0	0	0	0	0	0	0	0	0	5771800	12754000	5522600
Solyc09g065540.2.1	0	0	0	0	0	0	0	0	0	1625600	1615900	0
Solyc09g065730.2.1	871000	1218300	660110	896510	1144100	694340	570790	1013700	908420	14220000	26404000	2542100
Solyc09g065830.2.1	0	541390	708750	0	0	0	652880	0	557220	0	9422200	630480
Solyc09g065900.2.1	0	0	0	0	0	0	0	0	0	2893700	6886500	0
Solyc09g066430.2.1	0	0	0	0	3065100	0	0	0	0	1734600	0	0
Solyc09g073000.2.1	0	0	0	0	0	0	0	0	0	1858100	4457300	0
Solyc09g074420.2.1	0	0	0	0	628890	0	0	0	0	690200	3652300	0
Solyc09g074650.2.1	0	0	0	0	0	0	0	0	0	0	3900600	0
Solyc09g074880.2.1	0	0	0	0	0	0	0	0	0	0	5626800	0
Solyc09g075360.2.1	26726000	30928000	28885000	24261000	44666000	21854000	16569000	14503000	14576000	8955800	3223100	9582200
Solyc09g075820.2.1	0	0	0	0	0	0	0	0	0	5046800	7047000	4154700
Solyc09g082320.2.1	0	3799700	1204300	1073900	1833400	1525100	3149300	1358600	1747900	3447000	8452200	4164200
Solyc09g082770.2.1	0	0	0	0	0	0	0	0	0	0	0	0
Solyc09g083440.2.1	1169400	1845800	0	1032300	0	0	2447200	5679100	0	1089500	2089300	0
Solyc09g089660.2.1	4925400	8621100	6700900	11712000	8628000	6318200	8570300	10442000	4652800	4821400	4506600	6470900
Solyc09g090140.2.1	2868300	4955900	9293800	7749400	16350000	3668900	5773900	14812000	5083300	25063000	55273000	13334000
Solyc09g090190.2.1	28812000	43456000	37745000	29593000	36816000	49643000	59947000	48856000	31159000	68957000	98839000	71029000
Solyc09g090230.1.1	0	4072600	0	0	0	0	0	0	0	0	0	0
Solyc09g090330.2.1	0	0	0	0	0	0	0	0	0	8601000	36298000	6329000
Solyc09g090410.2.1	2368900	2071600	1675600	2473200	1925500	3229600	3338800	1588500	1728300	1425000	0	1493400
Solyc09g090680.2.1	0	2179400	2846400	988120	1610800	1815400	2401600	1884500	1889100	1317300	944860	1284700
Solyc09g090730.1.1	0	0	0	0	0	0	0	0	0	0	2416900	0
Solyc09g090980.2.1	0	0	0	0	0	0	0	0	0	3835200	4777900	2259500
Solyc09g091070.1.1	968300	1153700	1960000	863120	0	1436600	1291100	3666900	2916700	1871000	1369300	1214600
Solyc09g091180.2.1	0	0	0	0	7021700	0	0	0	0	4674000	16962000	3302200
Solyc09g091500.2.1	0	0	0	0	0	0	0	0	0	792710	0	0
Solyc09g091660.2.1	0	0	0	2463200	0	0	0	0	0	5244900	10345000	4686200
Solyc09g091820.2.1	0	0	0	0	0	0	989180	0	0	0	1964300	0
Solyc09g092330.1.1	110030000	43060000	59384000	61644000	38709000	73340000	128610000	67921000	75634000	12564000	10804000	12532000
Solyc09g092380.2.1	3064300	8775500	5281000	3488500	8051400	3117400	6542600	7870300	4467900	11316000	35343000	12284000
Solyc09g092710.2.1	27890000	7078300	10154000	4108800	5272000	20744000	2585000	1829200	0	621460	761550	1323700
Solyc09g092760.2.1	0	9753900	3718800	5798700	5672800	6563700	6637500	6209600	2395200	3712500	5668300	5386800
Solyc09g098280.2.1	2579000	2249300	1886300	0	2465100	2743900	0	1581900	2755100	8755000	13944000	9279200
Solyc10g005050.2.1	0	0	0	0	0	0	0	0	0	1981100	13985000	0
Solyc10g005110.2.1	0	0	0	841140	1020600	0	0	437720	292980	4290300	35877000	540950
Solyc10g006030.2.1	10481000	15883000	8165400	7429600	11130000	9427200	14289000	8940100	10055000	9618100	21516000	16005000
Solyc10g006230.2.1	7519300	0	10034000	0	9020100	9997000	0	3525500	15755000	39943000	115380000	31441000
Solyc10g006900.2.1	1720300	2118800	0	2634800	3260700	0	0	0	0	2857800	56427000	3399600
Solyc10g006970.2.1	0	0	0	0	0	0	0	0	0	2540000	9492300	2858700
Solyc10g007070.2.1	0	0	3362400	1147400	0	4306500	1073800	1151700	5441200	1218600	1513200	1241900
Solyc10g007390.2.1	0	0	1311000	0	0	1286800	0	734890	933200	3380800	9092900	5312200
Solyc10g007600.2.1	1164700	6126700	1145100	3758900	3457900	848160	2007400	5341600	2780900	18272000	33623000	12292000
Solyc10g008140.2.1	1636600	7430500	6447900	4488900	5682900	4366300	3936600	12526000	10223000	26092000	39356000	9092200
Solyc10g008740.2.1	477150	750630	0	2744500	6556800	0	630980	0	0	6398100	32290000	1203300
Solyc10g008980.2.1	29375000	44691000	48552000	65925000	45110000	55903000	67554000	24839000	33950000	95598000	185890000	63723000
Solyc10g009190.1.1	0	0	595670	0	0	0	0	0	0	0	0	0
Solyc10g017600.2.1	0	0	0	0	0	0	0	2202700	0	0	0	0
Solyc10g017890.1.1	0	0	752580	0	0	0	0	0	1656700	20855000	49218000	23221000
Solyc10g018300.1.1	11388000	9552900	4301000	49689000	57008000	9990500	21858000	4831800	3276400	218840000	458950000	127530000
Solyc10g019040.1.1	0	0	0	0	0	0	0	0	0	884910	0	0
Solyc10g024410.1.1	0	0	0	0	0	0	0	1182500	0	0	0	0
Solyc10g038130.1.1	0	0	0	0	0	0	0	0	0	0	0	1853500
Solyc10g039270.1.1	0	0	0	0	0	0	0	0	0	0	1525100	0
Solyc10g044520.1.1	0	0	0	0	3193500	0	0	0	0	17639000	27746000	7083100
Solyc10g045600.1.1	7103200	5386600	2771700	5138700	3491600	6427100	7215800	5977100	3521300	3899700	2989800	3480400
Solyc10g049710.1.1	0	997040	0	0	712490	0	0	0	0	1283200	9337700	908440
Solyc10g051110.1.1	25704000	31431000	4190700	11495000	27864000	12276000	25765000	23052000	10989000	37604000	121590000	15116000
Solyc10g051310.1.1	0	0	0	0	0	0	0	0	0	0	7417300	0
Solyc10g052880.1.1	190700000	77846000	67394000	242270000	196960000	94002000	119940000	72559000	130080000	378150000	274290000	207840000
Solyc10g054780.1.1	0	0	0	1486200	0	0	640730	0	0	5483500	6178600	1482300
Solyc10g055200.1.1	0	977950	958060	4655300	4225800	2557600	1156100	814810	1067300	22276000	8840600	38631000
Solyc10g055630.1.1	5306900	3706500	13164000	4877400	3392400	7560400	10310000	5083700	7140000	26635000	25783000	19821000
Solyc10g055670.1.1	2427900	2147600	0	1851300	3024300	0	0	2622500	2484800	1701900	6048200	2304500
Solyc10g055800.1.1	611630	5430800	4774700	5125000	3303300	2484800	1608200	1404400	2630500	115390000	126890000	55795000
Solyc10g062160.1.1	5784400	8010600	3394800	6978500	4773000	7014400	4907400	5920200	3367000	6232600	5486400	6041900
Solyc10g074440.1.1	23723000	53611000	47238000	39352000	49868000	98366000	39700000	35963000	5.2e+07	38695000	44197000	51170000
Solyc10g074540.1.1	0	0	0	0	351940	0	0	0	0	0	0	0
Solyc10g074980.1.1	0	0	1328300	0	1480400	1941300	1247200	0	0	3404500	17173000	1921500
Solyc10g075020.1.1	0	0	0	0	768800	0	0	0	0	2459900	5720300	1021900
Solyc10g075100.1.1	99713000	64579000	42525000	141240000	92543000	155030000	64828000	112460000	30178000	126860000	62771000	76961000
Solyc10g075160.1.1	0	0	1279400	0	0	0	0	0	0	0	4144000	0
Solyc10g076240.1.1	290400	259680	0	1426700	298810	152480	1314200	1259000	412220	58156000	73410000	78209000
Solyc10g078550.1.1	0	0	0	0	0	0	0	0	0	11915000	46025000	7874000
Solyc10g078620.1.1	22157000	60271000	27877000	34785000	60940000	54284000	41723000	42090000	35328000	83303000	177480000	66930000
Solyc10g078790.1.1	0	0	0	0	0	0	0	0	0	702760	0	0
Solyc10g079200.1.1	1211900	1244100	760740	1630000	1962500	0	1306400	1394300	1156200	2601700	37586000	2024300
Solyc10g079880.1.1	2023100	3779600	6952800	7342600	5958100	8236500	5545700	6672000	12856000	28155000	42998000	30090000
Solyc10g080080.1.1	0	0	0	0	639610	0	0	0	0	433270	6926900	690600
Solyc10g080190.1.1	0	0	0	0	0	0	0	0	0	0	8798600	0
Solyc10g080280.1.1	0	0	203990	0	0	0	0	0	0	0	0	0
Solyc10g080320.1.1	0	0	0	0	0	0	0	0	0	901080	3485700	975680
Solyc10g080420.1.1	4074100	4359900	3881600	0	5176600	0	2884300	6591900	5683000	4283800	3763700	6505800
Solyc10g080500.1.1	0	3278600	0	0	0	0	0	0	0	0	0	0
Solyc10g080710.1.1	0	0	0	0	0	0	1166500	1345100	0	6114200	14038000	1957700
Solyc10g080720.1.1	0	1303600	0	0	0	0	1162400	0	0	0	0	0
Solyc10g081130.1.1	646820	3473600	2179300	2184700	2815000	2037500	3209800	2372700	1988000	3985500	10943000	5251400
Solyc10g081980.1.1	0	0	0	0	1064500	0	2962500	0	0	21428000	23890000	3863100
Solyc10g082030.1.1	3133700	5769700	3717100	10169000	35480000	4148600	9566500	15819000	10631000	138210000	604270000	121500000
Solyc10g083490.1.1	0	566240	0	675310	0	0	678920	604320	0	1190900	1831600	0
Solyc10g083650.1.1	0	0	0	0	0	0	0	0	0	0	1386800	0
Solyc10g083690.2.1	0	0	0	0	0	0	0	0	0	6162400	9398300	4515700
Solyc10g083720.1.1	0	0	0	0	0	0	0	0	0	1967900	4952900	0
Solyc10g083790.1.1	0	0	0	0	0	0	0	0	0	1137100	5168400	0
Solyc10g083970.1.1	0	0	0	0	0	0	0	0	0	0	1852600	0
Solyc10g084120.1.1	0	2013600	6505400	2388200	2879500	0	2354800	2303400	5314500	4098300	4312200	1984500
Solyc10g084320.1.1	10852000	3229100	2241900	6786400	5680500	2802500	12205000	3922800	3295700	4779200	2925300	3953900
Solyc10g085360.1.1	0	0	0	0	0	0	0	0	0	1106300	0	0
Solyc10g085550.1.1	0	0	0	0	0	0	0	0	0	1960700	6960700	0
Solyc10g086150.1.1	4385100	3472500	1317200	3996900	2776300	1569800	2192200	1366900	1132000	5309700	11430000	1128700
Solyc10g086410.2.1	0	0	0	0	0	0	0	0	0	0	0	867990
Solyc10g086580.1.1	63947000	62331000	47494000	163950000	521720000	73237000	114860000	64089000	48177000	843690000	3613300000	700420000
Solyc11g005330.1.1	0	0	0	0	0	1133100	0	0	0	0	0	0
Solyc11g005370.1.1	0	3695100	1468200	922890	2504300	1226100	1853700	1234900	0	1002000	2094100	1256400
Solyc11g005480.1.1	0	0	0	0	0	0	0	0	0	914220	733920	0
Solyc11g006250.1.1	28932000	79661000	160470000	58343000	63696000	66824000	52129000	1.25e+08	134350000	71469000	36353000	77650000
Solyc11g006400.1.1	0	1099600	0	0	0	0	0	0	0	0	0	0
Solyc11g006730.1.1	0	4819200	0	5236400	0	2525100	3996300	7002600	0	20293000	7064800	9348100
Solyc11g007690.1.1	0	2120100	0	0	2825400	0	0	0	2774300	5416500	26196000	4454700
Solyc11g007720.1.1	0	0	0	0	314450	0	0	0	0	0	0	0
Solyc11g007830.1.1	0	0	0	0	0	0	0	0	0	285020	1625100	0
Solyc11g007990.1.1	0	0	0	0	1062800	0	896880	0	0	5357100	20061000	2782100
Solyc11g008110.1.1	0	0	0	0	0	0	0	0	2421300	0	0	0
Solyc11g008340.1.1	0	795740	0	0	0	0	0	0	0	0	0	0
Solyc11g008590.1.1	0	0	0	0	0	396350	0	0	0	0	0	0
Solyc11g008980.1.1	0	0	0	0	0	0	0	0	0	489920	1836700	566220
Solyc11g008990.1.1	4121200	12830000	15191000	13240000	12472000	17263000	12058000	11198000	15827000	16257000	50594000	12904000
Solyc11g009020.1.1	0	0	0	0	2187300	0	1495800	0	0	2756600	15269000	1983300
Solyc11g009080.1.1	1694400	2266600	0	1832000	2459500	0	1780700	1830200	0	2565100	20162000	2414400
Solyc11g010190.1.1	0	2222800	1763800	1488000	1774300	610970	2066400	3398000	1821700	6994800	17678000	5152300
Solyc11g010480.1.1	0	0	0	0	0	0	0	0	0	7060900	22007000	6756600
Solyc11g011020.1.1	0	0	0	0	0	0	0	0	0	1651900	1420500	1083400
Solyc11g011250.1.1	0	0	0	0	0	0	0	0	0	0	1276900	0
Solyc11g011470.1.1	12880000	17355000	4317000	5504800	17794000	8323700	9263200	15585000	7427200	28465000	106460000	18301000
Solyc11g011760.1.1	0	0	237890	0	0	0	0	0	0	0	0	0
Solyc11g011960.1.1	1064700	889720	0	2434900	5302700	0	1685500	1536200	0	9936700	38655000	4336500
Solyc11g012410.1.1	0	0	0	0	0	0	0	0	0	0	3820300	0
Solyc11g012670.1.1	5042700	5309600	4022600	2490800	3098300	4304900	4706600	3248600	3873700	2499400	2861100	2077200
Solyc11g013260.1.1	0	1976500	0	5939300	1406700	0	1039400	1741400	0	3437700	9681500	2208300
Solyc11g017200.1.1	0	0	0	0	0	0	0	0	0	0	772500	0
Solyc11g017250.1.1	1054000	2562700	1224000	1759800	2334800	4600200	1182800	2701200	2153400	87079000	31912000	18900000
Solyc11g018580.1.1	2296700	3023100	3082200	3036300	5418600	3319400	2931000	4180000	4023300	9610400	8449300	2806200
Solyc11g021220.1.1	0	0	0	0	0	0	0	0	0	0	5879000	0
Solyc11g021310.1.1	0	0	0	0	0	18573000	0	0	0	0	0	0
Solyc11g022400.1.1	0	7581700	0	0	0	0	0	0	0	0	0	0
Solyc11g022590.1.1	0	0	159750	0	0	0	0	0	0	0	0	0
Solyc11g032020.1.1	0	0	0	0	0	1948200	0	0	0	0	0	0
Solyc11g039830.1.1	0	0	0	0	0	0	0	0	0	0	0	195000
Solyc11g039840.1.1	5127100	4603900	3327200	0	2611700	4616500	4481600	0	2987300	11796000	26078000	16973000
Solyc11g039980.1.1	14015000	15351000	10045000	31998000	55794000	21854000	17169000	18968000	14043000	99553000	439820000	58898000
Solyc11g040390.1.1	0	0	0	0	0	0	0	0	0	452450	937240	0
Solyc11g042640.1.1	2240400	3665200	8670600	2747600	6330100	3501100	4584600	4088200	3461000	7953600	101870000	21712000
Solyc11g044750.1.1	1679700	4004600	1569100	2772500	1441500	5333900	7007700	2956600	1304600	3700000	1799300	2006400
Solyc11g044910.1.1	61456000	24392000	26754000	95996000	52235000	20496000	42267000	19691000	29256000	265880000	290010000	154950000
Solyc11g045180.1.1	3513100	2935900	1962200	2071500	2326200	0	2449900	1988700	1460700	0	0	0
Solyc11g051170.1.1	4451300	17969000	5677600	0	12463000	56674000	8912200	0	12254000	31516000	383150000	30121000
Solyc11g062190.1.1	89281000	1.06e+08	273690000	123780000	181080000	215020000	121420000	124250000	201040000	292460000	560660000	236240000
Solyc11g065990.1.1	0	0	0	1358900	0	0	0	0	0	0	0	0
Solyc11g066440.1.1	0	0	0	0	0	0	0	0	0	0	1585200	0
Solyc11g066490.1.1	0	0	0	0	0	0	1619900	0	0	0	4101100	3189300
Solyc11g067100.1.1	1680000	3e+06	2253700	2748800	2305500	1865200	3098800	3021000	4403000	3302100	7916800	3477700
Solyc11g068400.1.1	0	0	0	0	0	0	0	0	0	877320	0	0
Solyc11g068510.1.1	0	0	1790000	0	3440600	3025500	1888000	0	0	6222300	19385000	3620800
Solyc11g068670.1.1	5362600	25778000	12692000	13528000	24446000	21130000	12076000	20244000	18320000	25695000	74582000	16429000
Solyc11g069000.1.1	0	0	0	0	0	0	0	0	0	0	0	643940
Solyc11g069170.1.1	10801000	11354000	8920900	11901000	15966000	15355000	16717000	16089000	16986000	7900800	8816800	10302000
Solyc11g069370.1.1	109330000	104620000	95469000	113350000	133340000	94348000	115430000	99810000	103850000	83748000	69294000	99154000
Solyc11g069380.1.1	0	484450	0	883400	921240	0	0	0	0	851140	6702800	883300
Solyc11g069430.1.1	43282000	42064000	51386000	37056000	41062000	66731000	41839000	46992000	52811000	116660000	126740000	69215000
Solyc11g069790.1.1	37785000	38521000	22201000	36480000	48696000	21166000	25203000	20303000	9460100	115120000	346990000	50215000
Solyc11g069800.1.1	0	0	0	0	0	0	0	0	0	0	2679200	0
Solyc11g070030.1.1	0	0	0	0	244940	349160	0	0	0	324270	1347400	238500
Solyc11g071490.1.1	0	778600	0	0	0	0	0	0	0	0	0	0
Solyc11g072480.1.1	0	0	171500	0	0	0	0	0	0	0	0	0
Solyc11g072880.1.1	0	2092800	0	1162600	1316300	0	0	0	0	1247300	0	0
Solyc11g073050.1.1	0	0	0	0	0	0	1251400	0	0	969370	1860900	0
Solyc12g005330.1.1	28404000	41386000	22568000	31062000	33894000	29388000	28996000	33731000	29443000	39128000	59920000	28204000
Solyc12g005570.1.1	0	0	0	0	0	0	0	0	0	0	1446200	0
Solyc12g005860.1.1	2627300	1280600	1429600	2972700	4560700	1324400	2385300	2050400	1722400	25785000	50435000	4483000
Solyc12g006140.1.1	585740000	1337400000	2.462e+09	1901100000	3.745e+09	1.0483e+10	1734300000	1125700000	4.812e+09	2131900000	7968300000	1.037e+10
Solyc12g006290.1.1	0	0	0	0	0	0	0	0	866330	0	0	0
Solyc12g006470.1.1	0	0	0	0	0	0	1387500	0	0	2411300	2530600	0
Solyc12g006540.1.1	0	0	0	0	0	562630	0	0	0	0	2590600	433960
Solyc12g007170.1.1	16537000	16241000	18923000	13241000	36606000	13316000	23315000	26877000	24254000	42794000	37690000	51008000
Solyc12g007310.1.1	0	0	0	0	0	0	0	0	0	256330	0	0
Solyc12g008570.1.1	0	0	0	0	259410	0	0	0	0	0	0	0
Solyc12g008630.1.1	2132800	5755000	1845700	6395700	22552000	6575100	3473400	5850200	2607900	59244000	274090000	36764000
Solyc12g009060.1.1	0	0	0	0	0	0	0	0	0	1422600	2145500	1309000
Solyc12g009250.1.1	0	2452500	0	2083100	1934400	3248700	3088400	1267400	1088500	12022000	33130000	8696800
Solyc12g009270.1.1	0	453380	315900	0	3011500	0	0	0	0	0	0	0
Solyc12g009980.1.1	0	0	0	0	588250	0	0	0	0	1390400	13940000	574240
Solyc12g010040.1.1	0	1916900	1531900	2022500	3325800	0	1945000	0	2272000	9411500	25781000	3299500
Solyc12g010060.1.1	0	0	1348600	1349100	1970600	954800	1334200	1420400	1115700	6739700	14874000	6374800
Solyc12g010840.1.1	0	0	0	2533500	2315500	0	789540	0	1085700	8754000	51634000	1450000
Solyc12g010860.1.1	0	0	0	0	0	0	0	0	0	0	0	376100
Solyc12g011000.1.1	0	0	0	0	2115300	0	1406600	0	0	6172500	31811000	6675800
Solyc12g011030.1.1	0	1530700	3723700	0	1057600	0	0	879970	0	1104400	0	2781100
Solyc12g011140.1.1	15314000	13382000	8834500	8006600	8895500	10244000	15402000	14547000	11036000	3799900	3901200	7843500
Solyc12g011280.1.1	4414200	28686000	41041000	29012000	27137000	17410000	12467000	35171000	12514000	82091000	157680000	132190000
Solyc12g011450.1.1	15035000	69181000	133610000	35626000	239520000	596570000	61719000	57037000	149530000	146790000	331800000	935210000
Solyc12g013710.1.1	0	898580	0	706760	1073600	0	0	0	0	0	4772400	0
Solyc12g013810.1.1	0	0	0	0	3507500	0	0	0	0	9400100	28334000	4982700
Solyc12g013900.1.1	10547000	7959200	11819000	16628000	28669000	11626000	9117700	15915000	8640200	13469000	14622000	12050000
Solyc12g015780.1.1	22499000	17714000	22291000	14587000	14869000	8107300	15938000	17896000	20352000	13008000	6639500	19631000
Solyc12g017460.1.1	79322000	115760000	208620000	140480000	158210000	35396000	83938000	182600000	143130000	210620000	131280000	177620000
Solyc12g021230.1.1	76372000	63379000	98614000	55288000	56188000	55631000	85554000	51427000	60462000	41117000	35266000	40270000
Solyc12g032950.1.1	0	0	0	0	0	0	0	2623400	2774400	0	0	0
Solyc12g032980.1.1	1960400	2895200	0	2794700	0	0	3567700	6005700	0	1272800	0	0
Solyc12g037970.1.1	0	0	0	0	0	0	0	0	0	833280	0	0
Solyc12g039120.1.1	0	1225200	0	0	890970	0	0	0	0	1128600	2563600	0
Solyc12g042060.1.1	22659000	36075000	13123000	33701000	57971000	28725000	26110000	37033000	15670000	120450000	324800000	67464000
Solyc12g042360.1.1	2571400	2167100	1694100	2939400	1930000	3674100	3667000	2224600	3202000	1958500	2429900	2550200
Solyc12g042770.1.1	0	0	0	0	1324000	0	0	0	0	1565500	14885000	2275300
Solyc12g042900.1.1	0	0	0	0	0	0	0	0	0	0	7600100	0
Solyc12g043120.1.1	0	0	0	0	0	0	0	0	609190	1565400	0	723570
Solyc12g044330.1.1	0	0	0	0	0	0	0	0	0	0	0	11620000
Solyc12g044950.1.1	0	0	0	0	0	0	0	0	0	9556800	9770000	4484000
Solyc12g049580.1.1	15734000	9466800	11470000	16384000	8746500	0	11525000	12135000	12167000	14635000	7350200	13335000
Solyc12g055800.1.1	190500000	441690000	276300000	256690000	3.51e+08	318420000	443150000	437670000	299310000	371350000	872350000	458970000
Solyc12g055840.1.1	76360000	51277000	47865000	65987000	48427000	41959000	75751000	64012000	53661000	21654000	17801000	28161000
Solyc12g055970.1.1	0	0	0	0	0	0	3338000	0	0	0	0	0
Solyc12g056120.1.1	0	0	0	0	0	0	0	0	0	0	1469200	0
Solyc12g056220.1.1	286100000	237180000	392910000	271570000	201170000	307100000	278310000	215850000	323120000	881800000	876300000	8.03e+08
Solyc12g056390.1.1	0	0	0	0	0	0	0	0	0	0	0	13795000
Solyc12g062290.1.1	1.29e+08	182840000	181990000	174440000	144680000	115880000	208920000	177290000	122640000	91792000	37385000	116280000
Solyc12g062570.1.1	17626000	5087500	0	7246000	4724800	0	6201500	4391800	0	0	3786500	0
Solyc12g062640.1.1	0	5408900	0	4824300	5275000	0	4315600	6015100	0	9388700	11161000	0
Solyc12g077590.1.1	0	2907400	1970300	1594800	1771900	1417700	3139900	3124500	2319800	1567300	0	945040
Solyc12g088720.1.1	5210100	18614000	7514300	13095000	16644000	13467000	9143000	14803000	7821800	32098000	56737000	26146000
Solyc12g088760.1.1	0	0	0	0	0	549860	0	0	0	0	0	0
Solyc12g089340.1.1	1396000	1120900	890760	0	0	0	0	1141000	1139400	0	0	0
Solyc12g094460.1.1	2227900	5080000	2376800	3511000	5993200	3293900	2975600	5454600	2359600	26175000	29501000	24803000
Solyc12g094640.1.1	35096000	35705000	23017000	73028000	101090000	39496000	40107000	34018000	40514000	272980000	819880000	233120000
Solyc12g094720.1.1	0	0	0	0	0	0	0	0	0	0	3377900	0
Solyc12g095860.1.1	0	0	0	0	0	0	1389100	0	1291700	1479800	0	1785100
Solyc12g095990.1.1	19971000	27931000	15353000	21004000	32280000	13333000	18245000	25004000	16413000	35468000	73315000	42830000
Solyc12g096550.1.1	1195000	0	0	1272200	1464400	1446500	0	1447100	0	6067000	24210000	1736800
Solyc12g099100.1.1	0	0	0	0	0	0	0	0	0	1520000	0	0
Solyc12g099200.1.1	0	0	0	0	0	0	0	0	544490	0	0	0
Solyc12g099440.1.1	16343000	16511000	16539000	11657000	27734000	13218000	12786000	25895000	17208000	39264000	37381000	27760000
Solyc12g099930.1.1	637950	850880	572420	4726700	22695000	1197600	1551500	1203400	547640	100030000	505670000	42875000
